Longitude,Latitude,Depth_km
-125.0993744,40.4262825,-5
-125.068538,40.50366473,-5
-125.0381355,40.5811515,-5
-125.0268772,40.66368719,-5
-125.0321824,40.74653693,-5
-125.0518343,40.82723475,-5
-125.0749463,40.90726427,-5
-125.0859492,40.98912329,-5
-125.0875162,41.07240855,-5
-125.0890809,41.15569385,-5
-125.0823167,41.23858187,-5
-125.0728263,41.32133949,-5
-125.0633012,41.40409311,-5
-125.0523894,41.48665886,-5
-125.0394817,41.56895274,-5
-125.0265396,41.65124119,-5
-125.0204136,41.73415964,-5
-125.0180607,41.8174264,-5
-125.0156786,41.90069233,-5
-125.0256919,41.98302094,-5
-125.0405927,42.06497737,-5
-125.0598717,42.14585596,-5
-125.0847904,42.22534147,-5
-125.1097691,42.30480815,-5
-125.1340456,42.38448567,-5
-125.1570341,42.46455075,-5
-125.1800822,42.5445987,-5
-125.2031773,42.62463312,-5
-125.2253071,42.70492818,-5
-125.2456948,42.7856947,-5
-125.2661282,42.86644966,-5
-125.2866077,42.94719297,-5
-125.3053143,43.02832949,-5
-125.3209591,43.11014715,-5
-125.3366395,43.19195801,-5
-125.3523555,43.27376202,-5
-125.3659576,43.35591529,-5
-125.3774218,43.43842264,-5
-125.3889114,43.52092644,-5
-125.4004267,43.60342667,-5
-125.4099993,43.68616825,-5
-125.4190376,43.76897647,-5
-125.4280945,43.85178264,-5
-125.4371703,43.93458674,-5
-125.4459888,44.0174145,-5
-125.4523301,44.10047278,-5
-125.4586721,44.18353101,-5
-125.4650311,44.26658793,-5
-125.4713902,44.34964486,-5
-125.4777749,44.43269981,-5
-125.4841602,44.51575472,-5
-125.4905777,44.59880715,-5
-125.4969981,44.68185935,-5
-125.5049996,44.76477157,-5
-125.5132704,44.84765996,-5
-125.5215591,44.93054655,-5
-125.5298834,45.01342957,-5
-125.5382078,45.09631259,-5
-125.5465712,45.17919167,-5
-125.5549436,45.26206985,-5
-125.5633284,45.34494679,-5
-125.5717426,45.42782073,-5
-125.5801569,45.51069467,-5
-125.5920881,45.5931136,-5
-125.6050606,45.67539729,-5
-125.618062,45.75767641,-5
-125.6311029,45.83994928,-5
-125.6441778,45.92221675,-5
-125.659733,46.00399998,-5
-125.6785747,46.0851411,-5
-125.6974756,46.16626844,-5
-125.7164022,46.24738979,-5
-125.7354116,46.32849177,-5
-125.7544442,46.40958832,-5
-125.7735435,46.49066917,-5
-125.7961786,46.57074981,-5
-125.8223837,46.64982056,-5
-125.8486819,46.7288604,-5
-125.875015,46.80788857,-5
-125.9014383,46.88688668,-5
-125.9279179,46.96586589,-5
-125.9544652,47.04482243,-5
-125.984952,47.12230942,-5
-126.0166446,47.19934488,-5
-126.0484126,47.27634931,-5
-126.0802774,47.35331377,-5
-126.1122093,47.43025037,-5
-126.1456505,47.50645554,-5
-126.1864797,47.57906314,-5
-126.2274053,47.65161646,-5
-126.2684065,47.72412704,-5
-126.3094887,47.79659181,-5
-126.3506932,47.86898711,-5
-126.3972392,47.93782958,-5
-126.4481288,48.0037776,-5
-126.4991089,48.06965561,-5
-126.5501819,48.13546169,-5
-126.603284,48.19952312,-5
-126.6608175,48.25976258,-5
-126.7184467,48.31991037,-5
-126.7761289,48.38000735,-5
-126.8339321,48.43998807,-5
-126.8918011,48.49990512,-5
-126.9497423,48.55975252,-5
-127.0088152,48.61847969,-5
-127.0680674,48.67702932,-5
-127.1274154,48.73548175,-5
-127.1868667,48.79382934,-5
-127.2463364,48.852158,-5
-127.3059852,48.91030362,-5
-127.365634,48.96844924,-5
-127.4254202,49.02645334,-5
-127.4852651,49.08439709,-5
-127.5440519,49.14337155,-5
-127.6004058,49.20471587,-5
-127.6568314,49.26599424,-5
-127.713351,49.32718592,-5
-127.7699642,49.38829094,-5
-127.8266515,49.44932726,-5
-127.8834544,49.51025604,-5
-127.9403115,49.5711343,-5
-127.9940012,49.63478854,-5
-128.0469698,49.69907862,-5
-128.1000317,49.76329166,-5
-128.1531871,49.82742736,-5
-127.5346021,50.20199045,-20
-127.4816175,50.13771361,-20
-127.4287296,50.07335711,-20
-127.3759288,50.00892909,-20
-127.3191583,49.94799814,-20
-127.2619768,49.88742454,-20
-127.204874,49.82677675,-20
-127.1456837,49.76818459,-20
-127.0859827,49.71009259,-20
-127.0263803,49.6518994,-20
-126.9652612,49.59545584,-20
-126.8993812,49.54447829,-20
-126.8335682,49.49341415,-20
-126.7678225,49.44226359,-20
-126.6988603,49.39555538,-20
-126.6297961,49.34898247,-20
-126.5607929,49.30231941,-20
-126.4902055,49.25821875,-20
-126.4176647,49.21727092,-20
-126.3451769,49.1762295,-20
-126.272728,49.13511924,-20
-126.2003419,49.09389861,-20
-126.1279826,49.05263107,-20
-126.0556976,49.0112334,-20
-125.9834277,48.96980923,-20
-125.9146288,48.9228627,-20
-125.8464344,48.87506456,-20
-125.7814756,48.82291828,-20
-125.716593,48.77067707,-20
-125.6517781,48.71835206,-20
-125.588663,48.6641088,-20
-125.529022,48.60595526,-20
-125.4694762,48.54770426,-20
-125.4099868,48.48939555,-20
-125.3505958,48.43098668,-20
-125.2912894,48.37249193,-20
-125.2322822,48.3137025,-20
-125.1749857,48.25323761,-20
-125.1177758,48.19269084,-20
-125.0634715,48.12963,-20
-125.0118799,48.06422969,-20
-124.960377,47.99875952,-20
-124.9141392,47.9295294,-20
-124.8690068,47.85951539,-20
-124.8239649,47.78944316,-20
-124.7790132,47.71931306,-20
-124.7404601,47.64551893,-20
-124.7028086,47.57121381,-20
-124.6652447,47.49686434,-20
-124.6290916,47.42187763,-20
-124.5984451,47.34442003,-20
-124.5678697,47.26693432,-20
-124.5376831,47.18930304,-20
-124.5103883,47.11060181,-20
-124.4831566,47.03187871,-20
-124.4566399,46.95292645,-20
-124.433335,46.8729529,-20
-124.4100927,46.79296112,-20
-124.3948286,46.71117447,-20
-124.3816056,46.62893067,-20
-124.3692159,46.54656401,-20
-124.3581996,46.46399567,-20
-124.3472092,46.38142387,-20
-124.3425334,46.29828845,-20
-124.3387309,46.21507528,-20
-124.334932,46.13186195,-20
-124.3311356,46.0486485,-20
-124.3286278,45.96540865,-20
-124.3290232,45.88210959,-20
-124.3294226,45.79881055,-20
-124.3298111,45.71551146,-20
-124.3301938,45.63221237,-20
-124.3309336,45.54891566,-20
-124.3316802,45.465619,-20
-124.3324167,45.38232226,-20
-124.3331271,45.29902529,-20
-124.3310695,45.21575429,-20
-124.3287951,45.13248535,-20
-124.3265195,45.04921644,-20
-124.324243,44.96594755,-20
-124.3200752,44.88278008,-20
-124.3134331,44.79974532,-20
-124.306802,44.71670967,-20
-124.3001917,44.63367236,-20
-124.2935876,44.55063457,-20
-124.2870004,44.46759543,-20
-124.2804158,44.38455608,-20
-124.2738431,44.30151579,-20
-124.2671304,44.21848782,-20
-124.2590964,44.13557616,-20
-124.2510653,44.0526642,-20
-124.2430599,43.96974977,-20
-124.2350577,43.88683503,-20
-124.2270808,43.80391785,-20
-124.2191064,43.72100042,-20
-124.2111495,43.63808132,-20
-124.2029825,43.55518433,-20
-124.1935044,43.4724253,-20
-124.1840356,43.38966522,-20
-124.1745799,43.30690363,-20
-124.1651407,43.22414016,-20
-124.1557349,43.1413729,-20
-124.1439734,43.0589224,-20
-124.1311806,42.97661059,-20
-124.1184262,42.89429282,-20
-124.1056816,42.81197354,-20
-124.0929812,42.72964743,-20
-124.0802858,42.64732053,-20
-124.0676379,42.56498633,-20
-124.0548912,42.48266789,-20
-124.0413034,42.40048357,-20
-124.0277439,42.31829458,-20
-124.0142101,42.23610136,-20
-124.0007062,42.15390322,-20
-123.9872187,42.07170238,-20
-123.973757,41.98949732,-20
-123.9572905,41.90785674,-20
-123.9400276,41.82636513,-20
-123.9227991,41.74486624,-20
-123.9056049,41.66336011,-20
-123.8826029,41.5835558,-20
-123.8531443,41.50563867,-20
-123.8237418,41.42770035,-20
-123.7815167,41.35602396,-20
-123.738197,41.28487417,-20
-123.6974881,41.21225305,-20
-123.6591816,41.13828342,-20
-123.6278246,41.06161232,-20
-123.6075928,40.98102908,-20
-123.6128392,40.89789446,-20
-123.6293786,40.81807497,-20
-123.6697832,40.7452302,-20
-123.7287179,40.6872315,-20
-123.7909362,40.63184403,-20
-123.865521,40.59522911,-20
-123.940937,40.55985506,-20
-124.0143441,40.52050546,-20
-124.087256,40.48024903,-20
-124.1581103,40.43644774,-20
-124.2289164,40.39256844,-20
-124.2971251,40.34482749,-20
-124.3644068,40.29571465,-20
-124.425663,40.23946413,-20
-126.5333891,50.6942718,-40
-126.4782567,50.63182736,-40
-126.4231243,50.56938293,-40
-126.3681072,50.50683705,-40
-126.3132102,50.44418562,-40
-126.2583131,50.38153419,-40
-126.2036469,50.31868121,-40
-126.148984,50.25582534,-40
-126.0944347,50.19287108,-40
-126.0400049,50.12981332,-40
-125.985575,50.06675556,-40
-125.9281687,50.00639566,-40
-125.870834,49.94596704,-40
-125.8135875,49.88545488,-40
-125.7551683,49.82619455,-40
-125.6913663,49.77263905,-40
-125.6276386,49.71899517,-40
-125.5614066,49.66867772,-40
-125.4923156,49.62214468,-40
-125.423288,49.57551767,-40
-125.3533171,49.53033149,-40
-125.2830279,49.48562899,-40
-125.2127993,49.44083132,-40
-125.1418287,49.39728203,-40
-125.069011,49.35682873,-40
-124.9962422,49.3162876,-40
-124.92352,49.27566282,-40
-124.8503451,49.23594195,-40
-124.7744469,49.20161465,-40
-124.6985874,49.16720224,-40
-124.6227589,49.13272134,-40
-124.5469617,49.09817182,-40
-124.4712133,49.06351531,-40
-124.3936046,49.03347361,-40
-124.3150128,49.00586537,-40
-124.2364467,48.97818406,-40
-124.1579055,48.95043221,-40
-124.079394,48.92259615,-40
-124.0031097,48.88926817,-40
-123.9274054,48.85451564,-40
-123.8517332,48.81969308,-40
-123.7761108,48.78476246,-40
-123.7005188,48.74976629,-40
-123.6259716,48.71297096,-40
-123.5583447,48.66433453,-40
-123.490776,48.61561743,-40
-123.4240222,48.56594683,-40
-123.3661475,48.50603522,-40
-123.3083527,48.44604646,-40
-123.2506378,48.38598081,-40
-123.2016152,48.31902471,-40
-123.1563993,48.24906466,-40
-123.1112626,48.17905343,-40
-123.07243,48.10548298,-40
-123.0358882,48.03062591,-40
-122.9994188,47.9557335,-40
-122.9630316,47.88080112,-40
-122.9431699,47.80002406,-40
-122.9244003,47.71886624,-40
-122.9056752,47.63769815,-40
-122.9019231,47.55487604,-40
-122.9024748,47.47157787,-40
-122.9076777,47.38855013,-40
-122.9167624,47.30574701,-40
-122.9258107,47.2229399,-40
-122.934811,47.14012755,-40
-122.9437648,47.05731017,-40
-122.9556642,46.9749224,-40
-122.9706671,46.8929846,-40
-122.9856077,46.81103542,-40
-122.9982486,46.72871163,-40
-123.0100432,46.64625087,-40
-123.0214648,46.56373787,-40
-123.0327258,46.48120255,-40
-123.0439938,46.3986687,-40
-123.0570157,46.31639281,-40
-123.0699876,46.23410905,-40
-123.0829145,46.15181819,-40
-123.0957884,46.06951903,-40
-123.1086181,45.98721296,-40
-123.1220318,45.9050033,-40
-123.1363188,45.82293764,-40
-123.1505645,45.74086483,-40
-123.1647603,45.65878334,-40
-123.178907,45.57669341,-40
-123.1930044,45.49459496,-40
-123.2070442,45.41248668,-40
-123.221036,45.33037018,-40
-123.2334196,45.24800689,-40
-123.2446855,45.16547224,-40
-123.2558981,45.08293033,-40
-123.2670699,45.00038289,-40
-123.2782089,44.91783102,-40
-123.2893005,44.83527275,-40
-123.2964036,44.75230793,-40
-123.3021781,44.66920832,-40
-123.3079262,44.58610689,-40
-123.3136482,44.50300364,-40
-123.3189218,44.41987132,-40
-123.3239608,44.33672387,-40
-123.3250961,44.25344001,-40
-123.3258613,44.17014353,-40
-123.3266145,44.08684693,-40
-123.3273556,44.00355023,-40
-123.3201375,43.92059722,-40
-123.3122306,43.83767333,-40
-123.3043358,43.7547483,-40
-123.2965211,43.67181573,-40
-123.2888321,43.58887135,-40
-123.2811577,43.50592562,-40
-123.2734915,43.42297914,-40
-123.2658367,43.3400316,-40
-123.2581954,43.25708282,-40
-123.2511817,43.17408445,-40
-123.2457089,43.09096442,-40
-123.2402425,43.00784398,-40
-123.2347804,42.92472325,-40
-123.2293226,42.84160224,-40
-123.2241819,42.75846973,-40
-123.2236606,42.67517136,-40
-123.223136,42.59187301,-40
-123.2225987,42.50857474,-40
-123.2220557,42.42527651,-40
-123.2215024,42.34197835,-40
-123.2209413,42.25868024,-40
-123.2203721,42.17538219,-40
-123.2204171,42.09208347,-40
-123.2208,42.00878435,-40
-123.221172,41.92548518,-40
-123.221533,41.84218596,-40
-123.2183331,41.75916193,-40
-123.205167,41.676909,-40
-123.1920379,41.59465016,-40
-123.1715322,41.5139619,-40
-123.1500483,41.43348003,-40
-123.1261617,41.35378695,-40
-123.0958919,41.27618137,-40
-123.0656781,41.19855394,-40
-123.0366507,41.12049534,-40
-123.0101212,41.04153285,-40
-122.9836517,40.9625502,-40
-122.9572322,40.88355087,-40
-122.9337639,40.80369271,-40
-122.9137251,40.7228389,-40
-122.8937265,40.64197516,-40
-122.8803075,40.5599149,-40
-122.8705757,40.47718533,-40
-122.8627637,40.39439096,-40
-122.8669559,40.31119651,-40
-122.8801227,40.23012024,-40
-122.9134963,40.15379796,-40
-122.9485605,40.07847751,-40
-122.9989171,40.01212165,-40
-123.0510087,39.94725805,-40
-123.1089044,39.8873667,-40
-123.1667259,39.82740374,-40
-123.2244794,39.76737521,-40
-125.801218,51.03494606,-60
-125.7480347,50.97083343,-60
-125.6948515,50.90672079,-60
-125.6416746,50.84260287,-60
-125.5887825,50.77824977,-60
-125.5358905,50.71389667,-60
-125.4830132,50.6495315,-60
-125.4304055,50.58494577,-60
-125.3777977,50.52036005,-60
-125.3252151,50.45575397,-60
-125.2728876,50.39094099,-60
-125.2205601,50.32612801,-60
-125.1676562,50.26181369,-60
-125.1110662,50.20068709,-60
-125.0545527,50.13948978,-60
-124.9977413,50.07862893,-60
-124.9323214,50.02706227,-60
-124.8669712,49.97540718,-60
-124.8016936,49.92366047,-60
-124.7341777,49.87509269,-60
-124.6635434,49.83093761,-60
-124.5929673,49.78668939,-60
-124.5205543,49.74594376,-60
-124.4441112,49.71284772,-60
-124.367704,49.67966903,-60
-124.2913316,49.64641031,-60
-124.2135672,49.61688926,-60
-124.1340734,49.59199717,-60
-124.0546018,49.567034,-60
-123.9751542,49.54199487,-60
-123.8941488,49.52270917,-60
-123.8129338,49.50418863,-60
-123.7325731,49.48265303,-60
-123.6537673,49.45566149,-60
-123.5751067,49.42827477,-60
-123.4977817,49.39729535,-60
-123.4204882,49.3662372,-60
-123.3481956,49.32486172,-60
-123.2759792,49.28334437,-60
-123.2038113,49.24174289,-60
-123.1331162,49.19801752,-60
-123.0690863,49.14473467,-60
-123.0051259,49.09136842,-60
-122.9412159,49.03794185,-60
-122.877406,48.98439574,-60
-122.8136564,48.93077788,-60
-122.7499862,48.87706739,-60
-122.6888668,48.82046959,-60
-122.6278147,48.76379928,-60
-122.5668288,48.70705773,-60
-122.505919,48.65023442,-60
-122.445104,48.59330972,-60
-122.3856988,48.5349443,-60
-122.3275345,48.47531369,-60
-122.2694506,48.41560483,-60
-122.2164901,48.35139109,-60
-122.1647847,48.28608069,-60
-122.116957,48.21839088,-60
-122.0824728,48.1425639,-60
-122.0480739,48.06669823,-60
-122.0232423,47.98785549,-60
-122.0086516,47.90584328,-60
-121.9962443,47.82357824,-60
-121.9917955,47.74039712,-60
-121.9843052,47.65757961,-60
-121.969057,47.57568712,-60
-121.9538547,47.49378609,-60
-121.9524648,47.4107431,-60
-121.9661689,47.32889348,-60
-121.997673,47.25178073,-60
-122.0360543,47.17819659,-60
-122.0802044,47.10755908,-60
-122.1242691,47.0368683,-60
-122.1511718,46.95820198,-60
-122.1767005,46.87891027,-60
-122.1867026,46.79630782,-60
-122.192457,46.71335809,-60
-122.1904774,46.63008162,-60
-122.1884978,46.54680514,-60
-122.1865063,46.46352895,-60
-122.1845114,46.38025284,-60
-122.1825144,46.29697678,-60
-122.1805113,46.21370087,-60
-122.1785082,46.13042496,-60
-122.1764881,46.04714946,-60
-122.1744624,45.96387409,-60
-122.1741581,45.88063094,-60
-122.1792795,45.79748853,-60
-122.1843753,45.71434454,-60
-122.1894531,45.63119945,-60
-122.2015006,45.54877796,-60
-122.2135791,45.46635831,-60
-122.2256135,45.3839322,-60
-122.2375921,45.30149796,-60
-122.2520519,45.21949638,-60
-122.2686311,45.13786295,-60
-122.2851458,45.05621642,-60
-122.3016048,44.97455865,-60
-122.3180114,44.89289034,-60
-122.3353403,44.81141412,-60
-122.3528555,44.72997638,-60
-122.370312,44.64852603,-60
-122.3877086,44.56706285,-60
-122.4021139,44.48505632,-60
-122.4144464,44.40267429,-60
-122.4267404,44.3202865,-60
-122.4389797,44.23789057,-60
-122.4470278,44.15508919,-60
-122.4507759,44.07187356,-60
-122.4545103,43.98865731,-60
-122.4582124,43.90543962,-60
-122.4592383,43.82217327,-60
-122.4585532,43.73887609,-60
-122.4578621,43.65557895,-60
-122.4571672,43.57228185,-60
-122.4564588,43.48898486,-60
-122.4557378,43.40568799,-60
-122.455003,43.32239123,-60
-122.4559374,43.23910171,-60
-122.4573831,43.15581426,-60
-122.4588068,43.07252643,-60
-122.4602099,42.98923824,-60
-122.4616065,42.90594995,-60
-122.4638984,42.82271382,-60
-122.4721541,42.73982394,-60
-122.4803839,42.65693148,-60
-122.4885841,42.57403609,-60
-122.4967401,42.49113633,-60
-122.5048775,42.40823475,-60
-122.5129683,42.3253286,-60
-122.5196967,42.2423129,-60
-122.5249475,42.15917856,-60
-122.5301733,42.07604264,-60
-122.5353742,41.99290515,-60
-122.5405448,41.90976579,-60
-122.5456522,41.82662251,-60
-122.5507353,41.74347775,-60
-122.5557942,41.66033151,-60
-122.5565231,41.57710052,-60
-122.5547092,41.49382027,-60
-122.5528892,41.41054015,-60
-122.5503654,41.32727886,-60
-122.5477288,41.24402059,-60
-122.5425849,41.16094207,-60
-122.5333168,41.07815926,-60
-122.5240625,40.99537493,-60
-122.5118566,40.91301496,-60
-122.4974415,40.83097171,-60
-122.4830572,40.74892304,-60
-122.4686857,40.66687215,-60
-122.4549709,40.5847098,-60
-122.4414812,40.50250932,-60
-122.4280128,40.42030536,-60
-122.4145654,40.33809794,-60
-122.4078537,40.25530585,-60
-122.4074756,40.17206342,-60
-122.4240167,40.09042226,-60
-122.4407229,40.00883725,-60
-122.4730741,39.93207599,-60
-122.5078424,39.85661145,-60
-122.5536459,39.78703462,-60
-122.5993591,39.71739849,-60
-122.6449957,39.64771213,-60
-122.6905531,39.57797398,-60
-125.2181886,51.31149095,-80
-125.1638397,51.24836334,-80
-125.1094909,51.18523573,-80
-125.0552529,51.12201307,-80
-125.0011469,51.0586772,-80
-124.9470409,50.99534133,-80
-124.8931569,50.93181661,-80
-124.8392924,50.86827521,-80
-124.7855209,50.80465528,-80
-124.7318967,50.74091105,-80
-124.6782724,50.67716682,-80
-124.6229532,50.61489433,-80
-124.5674359,50.55279184,-80
-124.5120083,50.49060935,-80
-124.4566702,50.42834712,-80
-124.3990226,50.36849477,-80
-124.3346463,50.31563098,-80
-124.2703403,50.26268168,-80
-124.20391,50.21277369,-80
-124.1322161,50.17036052,-80
-124.0605635,50.12788065,-80
-123.9833725,50.09656863,-80
-123.9062182,50.06516654,-80
-123.8290955,50.03368665,-80
-123.7519495,50.00227648,-80
-123.6728992,49.97600983,-80
-123.5939747,49.9493705,-80
-123.515213,49.92225069,-80
-123.4364763,49.89505845,-80
-123.3577684,49.86778288,-80
-123.2790864,49.84043268,-80
-123.2034917,49.8057268,-80
-123.1288948,49.76865674,-80
-123.0543396,49.73150274,-80
-122.9807533,49.69280538,-80
-122.9153519,49.64121519,-80
-122.8500259,49.58952961,-80
-122.7847677,49.53775844,-80
-122.7202828,49.4850882,-80
-122.6596127,49.42800905,-80
-122.5990199,49.37084785,-80
-122.5384845,49.3136259,-80
-122.4780509,49.25629641,-80
-122.4176898,49.1988907,-80
-122.3572922,49.14152533,-80
-122.295671,49.08547423,-80
-122.2341122,49.02935471,-80
-122.17261,48.97317318,-80
-122.111214,48.91687563,-80
-122.0498878,48.86050207,-80
-121.9880654,48.80470902,-80
-121.9230682,48.75261054,-80
-121.8581507,48.70041283,-80
-121.793298,48.64813449,-80
-121.7285085,48.59577806,-80
-121.6670547,48.54000451,-80
-121.6133065,48.47636478,-80
-121.5611321,48.41169034,-80
-121.5249776,48.33664538,-80
-121.4890088,48.26153298,-80
-121.4820409,48.17852492,-80
-121.4759394,48.09549126,-80
-121.4780607,48.01221827,-80
-121.4817368,47.92906765,-80
-121.4925318,47.84647009,-80
-121.5032959,47.76386849,-80
-121.513583,47.68125929,-80
-121.5034839,47.59857376,-80
-121.4850095,47.5177034,-80
-121.4600394,47.43823402,-80
-121.4807455,47.35769604,-80
-121.5077362,47.27926155,-80
-121.543543,47.20405009,-80
-121.5711319,47.12647889,-80
-121.5803866,47.04369459,-80
-121.5688916,46.96138068,-80
-121.5559487,46.87909235,-80
-121.5430958,46.79678991,-80
-121.5302757,46.71448235,-80
-121.5174633,46.63217359,-80
-121.5096055,46.54925354,-80
-121.502028,46.4662989,-80
-121.4944601,46.38334339,-80
-121.4868929,46.30038781,-80
-121.4793524,46.21742981,-80
-121.4718131,46.1344717,-80
-121.4642905,46.05151206,-80
-121.4578926,45.96852641,-80
-121.4615698,45.88530761,-80
-121.4652211,45.80208767,-80
-121.4688572,45.71886707,-80
-121.4724734,45.6356456,-80
-121.4760563,45.55242269,-80
-121.4788335,45.46916908,-80
-121.4815948,45.38591486,-80
-121.4843047,45.30265895,-80
-121.4870134,45.219403,-80
-121.4896895,45.136146,-80
-121.492363,45.05288891,-80
-121.4949969,44.96963056,-80
-121.4982281,44.88641555,-80
-121.5076381,44.80364876,-80
-121.5170243,44.72087927,-80
-121.5263643,44.63810454,-80
-121.535663,44.55532518,-80
-121.5449335,44.47254265,-80
-121.5541375,44.3897527,-80
-121.5633088,44.30695914,-80
-121.5722941,44.22414517,-80
-121.5812795,44.1413312,-80
-121.590179,44.05850797,-80
-121.5990743,43.97568428,-80
-121.6079042,43.89285359,-80
-121.6167182,43.81002121,-80
-121.6254794,43.72718324,-80
-121.634213,43.64434235,-80
-121.6422197,43.56143114,-80
-121.6495257,43.47845215,-80
-121.6568317,43.39547316,-80
-121.6640813,43.31248924,-80
-121.6712907,43.2295018,-80
-121.6785,43.14651436,-80
-121.6856468,43.06352152,-80
-121.6927608,42.98052585,-80
-121.6998749,42.89753019,-80
-121.7069203,42.81452868,-80
-121.7139404,42.73152502,-80
-121.7209606,42.64852136,-80
-121.728693,42.56558177,-80
-121.7365969,42.48265759,-80
-121.7444965,42.39973301,-80
-121.7523076,42.31680005,-80
-121.7601187,42.23386708,-80
-121.7679018,42.1509315,-80
-121.7756151,42.06798938,-80
-121.7833284,41.98504726,-80
-121.790997,41.902101,-80
-121.7986252,41.81915102,-80
-121.8062535,41.73620104,-80
-121.8118755,41.65309837,-80
-121.8168778,41.56994871,-80
-121.8218558,41.48679759,-80
-121.8268007,41.40364448,-80
-121.8317207,41.32048991,-80
-121.831994,41.23719265,-80
-121.8321834,41.15389286,-80
-121.8323404,41.07059301,-80
-121.832494,40.98729315,-80
-121.8326254,40.90399326,-80
-121.8327532,40.82069335,-80
-121.8328676,40.73739343,-80
-121.8328941,40.65409355,-80
-121.8327045,40.57079377,-80
-121.8325142,40.48749398,-80
-121.8323102,40.40419423,-80
-121.8320841,40.32089454,-80
-121.8385672,40.23807185,-80
-121.8505382,40.15563652,-80
-121.8624703,40.07319555,-80
-121.8836054,39.99263483,-80
-121.9049115,39.91210572,-80
-121.9261595,39.83156123,-80
-121.9588884,39.75500863,-80
-121.9921178,39.67862347,-80
-122.0252729,39.60220599,-80
-122.0614568,39.52727712,-80
-122.1016065,39.45429159,-80
-122.1416792,39.38126374,-80
-124.5943133,51.58634726,-100
-124.5363894,51.52648317,-100
-124.4784968,51.46658882,-100
-124.4207318,51.40657143,-100
-124.3630337,51.34648978,-100
-124.3054368,51.28631091,-100
-124.2479365,51.22603992,-100
-124.1905001,51.16570799,-100
-124.1293347,51.10921978,-100
-124.0673362,51.05358644,-100
-124.0054108,50.99787168,-100
-123.9435969,50.94203326,-100
-123.8818463,50.88612481,-100
-123.8189544,50.83168856,-100
-123.7496708,50.78544287,-100
-123.6804369,50.73912264,-100
-123.6112583,50.69271999,-100
-123.5389808,50.6516095,-100
-123.4647315,50.61384796,-100
-123.3905237,50.576005,-100
-123.3163497,50.53809577,-100
-123.2420283,50.50047657,-100
-123.1677116,50.46284794,-100
-123.0934438,50.42512292,-100
-123.0192199,50.38731153,-100
-122.945022,50.34944911,-100
-122.8708956,50.311447,-100
-122.7978907,50.2714562,-100
-122.7270417,50.22764631,-100
-122.6562465,50.18374957,-100
-122.5855051,50.13976607,-100
-122.5184186,50.09079892,-100
-122.4552847,50.03645741,-100
-122.3922299,49.98202411,-100
-122.3292465,49.92750825,-100
-122.2682475,49.87087626,-100
-122.2098573,49.81146689,-100
-122.1515741,49.75195264,-100
-122.093346,49.69238438,-100
-122.0352124,49.63272387,-100
-121.9771761,49.57296879,-100
-121.9193016,49.51305839,-100
-121.862162,49.4524452,-100
-121.8050224,49.39183201,-100
-121.7479655,49.33114119,-100
-121.6910644,49.27030411,-100
-121.6341632,49.20946703,-100
-121.5773926,49.14850839,-100
-121.5207251,49.08745364,-100
-121.4640575,49.02639888,-100
-121.4075669,48.96518056,-100
-121.351127,48.90391534,-100
-121.2947104,48.84263129,-100
-121.24652,48.77468589,-100
-121.1984092,48.70668415,-100
-121.1593909,48.63332545,-100
-121.1233165,48.55824198,-100
-121.0873144,48.48312387,-100
-121.0652242,48.40312368,-100
-121.0588332,48.32067734,-100
-121.0604516,48.23739307,-100
-121.06204,48.15410821,-100
-121.0636191,48.07082318,-100
-121.0651693,47.98753761,-100
-121.0667053,47.90425177,-100
-121.0682218,47.82096558,-100
-121.0675262,47.73768138,-100
-121.065853,47.65439818,-100
-121.0641707,47.57111517,-100
-121.0615589,47.48791234,-100
-121.0488683,47.40558471,-100
-121.0556721,47.32283266,-100
-121.077,47.24230932,-100
-121.0952609,47.16110861,-100
-121.1097395,47.07907653,-100
-121.1087539,46.99615606,-100
-121.1025745,46.91315011,-100
-121.0874894,46.8312274,-100
-121.0713599,46.74950862,-100
-121.0545645,46.66791938,-100
-121.036982,46.58650574,-100
-121.0175849,46.5054956,-100
-120.9982296,46.42447545,-100
-120.978916,46.34344539,-100
-120.9623028,46.26184269,-100
-120.9470983,46.17994206,-100
-120.9319253,46.09803558,-100
-120.9178861,46.01595626,-100
-120.9080589,45.93323796,-100
-120.898249,45.85051762,-100
-120.8884521,45.76779572,-100
-120.8786683,45.68507229,-100
-120.8690318,45.6023349,-100
-120.8634586,45.51922155,-100
-120.8578862,45.43610815,-100
-120.8523157,45.35299461,-100
-120.8467466,45.26988099,-100
-120.8411786,45.18676728,-100
-120.8356125,45.10365345,-100
-120.8305699,45.02051991,-100
-120.8298729,44.93722283,-100
-120.8291759,44.85392574,-100
-120.8284762,44.77062868,-100
-120.8277397,44.68733194,-100
-120.8270032,44.60403519,-100
-120.8262658,44.52073846,-100
-120.8254958,44.43744202,-100
-120.8247258,44.35414558,-100
-120.8239557,44.27084914,-100
-120.8231416,44.18755311,-100
-120.822327,44.1042571,-100
-120.8215123,44.02096108,-100
-120.8247593,43.93772967,-100
-120.8282227,43.8545017,-100
-120.8316861,43.77127373,-100
-120.8350721,43.68804258,-100
-120.8384568,43.60481137,-100
-120.8418405,43.52158012,-100
-120.8451588,43.43834624,-100
-120.8484771,43.35511236,-100
-120.8517919,43.27187834,-100
-120.855039,43.18864166,-100
-120.8582861,43.10540497,-100
-120.8618314,43.02218634,-100
-120.8686545,42.93916625,-100
-120.8754775,42.85614615,-100
-120.8823005,42.77312606,-100
-120.8890689,42.69010151,-100
-120.8957725,42.60707168,-100
-120.9024761,42.52404186,-100
-120.9091798,42.44101204,-100
-120.9157856,42.35797439,-100
-120.9223718,42.27493517,-100
-120.928958,42.19189595,-100
-120.9355202,42.10885485,-100
-120.9419909,42.02580655,-100
-120.9484616,41.94275825,-100
-120.9549323,41.85970995,-100
-120.9631184,41.77682599,-100
-120.9725331,41.69405973,-100
-120.9819369,41.61129224,-100
-120.9912567,41.52851524,-100
-121.0005765,41.44573824,-100
-121.0098317,41.36295401,-100
-121.0190515,41.28016581,-100
-121.0282559,41.19737591,-100
-121.0373891,41.11457812,-100
-121.0465223,41.03178033,-100
-121.0581446,40.94931069,-100
-121.0707827,40.86697499,-100
-121.0834082,40.78463736,-100
-121.0959229,40.70228281,-100
-121.1084377,40.61992827,-100
-121.1208952,40.53756508,-100
-121.1332942,40.45519302,-100
-121.1456931,40.37282096,-100
-121.1579962,40.29043453,-100
-121.1702868,40.20804624,-100
-121.183689,40.12585157,-100
-121.1999544,40.04415502,-100
-121.2161664,39.96244785,-100
-121.2323375,39.88073259,-100
-121.2532306,39.8001559,-100
-121.2760272,39.72003594,-100
-121.2987752,39.6399022,-100
-121.3214453,39.55974639,-100
-121.3536466,39.48292672,-100
-121.3858254,39.40609303,-100
-121.4179439,39.32923411,-100
-121.4504985,39.25256084,-100
-121.4835323,39.17609085,-100
-121.5164823,39.09958472,-100
-127.9690843,49.99711246,-10
-127.9141496,49.93449401,-10
-127.859292,49.87180806,-10
-127.8045121,49.80905421,-10
-127.7498376,49.74620843,-10
-127.6952701,49.68326979,-10
-127.6389901,49.62192783,-10
-127.580099,49.56301498,-10
-127.5212985,49.50401168,-10
-127.461292,49.44627363,-10
-127.3996548,49.39024019,-10
-127.3380957,49.334121,-10
-127.2766168,49.27791393,-10
-127.2144343,49.22248815,-10
-127.1521785,49.16714293,-10
-127.0899939,49.11171759,-10
-127.0278845,49.05620806,-10
-126.9658679,49.00059487,-10
-126.9017126,48.94748597,-10
-126.8370766,48.89494006,-10
-126.7724932,48.84232955,-10
-126.7080371,48.78956314,-10
-126.6435809,48.73679672,-10
-126.579263,48.68386204,-10
-126.514985,48.63087872,-10
-126.450755,48.57783745,-10
-126.3866581,48.52463518,-10
-126.3225612,48.47143291,-10
-126.2607738,48.41559991,-10
-126.1997348,48.35891541,-10
-126.1388,48.30211896,-10
-126.0779334,48.24524942,-10
-126.0171238,48.18831892,-10
-125.9564319,48.13126298,-10
-125.8975339,48.07245957,-10
-125.8421289,48.01025691,-10
-125.7868096,47.94797796,-10
-125.731576,47.885623,-10
-125.6772454,47.82256443,-10
-125.6310672,47.75323578,-10
-125.5849664,47.6838556,-10
-125.5389571,47.61441478,-10
-125.4998397,47.54087372,-10
-125.4608552,47.46725921,-10
-125.4222217,47.39347794,-10
-125.3914519,47.31606923,-10
-125.3607763,47.23862315,-10
-125.3301748,47.16114775,-10
-125.2996361,47.08364756,-10
-125.2780647,47.00324906,-10
-125.2575037,46.92252647,-10
-125.2369924,46.84179124,-10
-125.2165432,46.76104029,-10
-125.1990381,46.67965421,-10
-125.1844461,46.59764223,-10
-125.1698971,46.51562263,-10
-125.1578911,46.43324803,-10
-125.1494475,46.35037708,-10
-125.1410334,46.26750312,-10
-125.1326217,46.18462892,-10
-125.1242519,46.10175047,-10
-125.1158822,46.01887202,-10
-125.1075257,45.93599223,-10
-125.0997487,45.85305698,-10
-125.0922335,45.77009668,-10
-125.0847344,45.68713492,-10
-125.0772428,45.60417248,-10
-125.0697729,45.52120809,-10
-125.0623132,45.43824278,-10
-125.0548806,45.35527503,-10
-125.047461,45.27230613,-10
-125.0408951,45.18926744,-10
-125.0347426,45.10619496,-10
-125.0285945,45.02312216,-10
-125.0224635,44.94004809,-10
-125.0163324,44.85697403,-10
-125.0102221,44.77389844,-10
-125.0041194,44.69082229,-10
-124.9980255,44.60774549,-10
-124.9919573,44.52466681,-10
-124.9858891,44.44158813,-10
-124.9789671,44.35857744,-10
-124.9718137,44.27558517,-10
-124.9646777,44.19259138,-10
-124.9575549,44.10959647,-10
-124.9504409,44.0266008,-10
-124.9433479,43.94360334,-10
-124.9364652,43.86058849,-10
-124.9298426,43.77755217,-10
-124.9232182,43.69451599,-10
-124.9166154,43.61147808,-10
-124.9043599,43.52910209,-10
-124.8916399,43.44677899,-10
-124.8789333,43.36445383,-10
-124.862379,43.28288262,-10
-124.8431208,43.20183935,-10
-124.8239152,43.12078362,-10
-124.802574,43.04027276,-10
-124.780652,42.95990913,-10
-124.7587823,42.87953123,-10
-124.7369606,42.79914031,-10
-124.7136068,42.7191923,-10
-124.6891768,42.63955522,-10
-124.664834,42.55989144,-10
-124.6405184,42.48021936,-10
-124.6162758,42.40052502,-10
-124.5920704,42.3208194,-10
-124.5679066,42.24110113,-10
-124.5465128,42.16061097,-10
-124.5259759,42.07988225,-10
-124.5054902,41.99914053,-10
-124.4850434,41.91838896,-10
-124.4646264,41.83762983,-10
-124.444283,41.75685213,-10
-124.4279835,41.67534112,-10
-124.4217077,41.59253018,-10
-124.4292462,41.50957199,-10
-124.4495432,41.42892936,-10
-124.4715839,41.3485982,-10
-124.5020522,41.27140097,-10
-124.5377913,41.19615733,-10
-124.5738319,41.1210579,-10
-124.6098988,41.0459708,-10
-124.6316324,40.96602102,-10
-124.6482474,40.88442372,-10
-124.6533588,40.80128069,-10
-124.6584499,40.71813642,-10
-124.6758038,40.63684214,-10
-124.6954219,40.55588524,-10
-124.7269105,40.47952632,-10
-124.7668586,40.40643021,-10
-124.8067344,40.33329465,-10
-127.0533891,50.43799062,-30
-126.997114,50.37657395,-30
-126.940928,50.31507584,-30
-126.8848309,50.25349659,-30
-126.8268096,50.19374901,-30
-126.768143,50.13461261,-30
-126.7095637,50.07538964,-30
-126.6510719,50.01608039,-30
-126.5912161,49.95820765,-30
-126.5290546,49.90275642,-30
-126.466971,49.84721802,-30
-126.4049771,49.79157949,-30
-126.3430653,49.73584973,-30
-126.2784603,49.68334072,-30
-126.2126945,49.63221592,-30
-126.1469924,49.58100926,-30
-126.0813539,49.52972112,-30
-126.0157963,49.47832952,-30
-125.9464577,49.43220341,-30
-125.8768669,49.38642136,-30
-125.807331,49.34055587,-30
-125.7378482,49.29460993,-30
-125.6676593,49.249816,-30
-125.5952919,49.20856258,-30
-125.5229729,49.16722431,-30
-125.4507083,49.12579099,-30
-125.3784953,49.08426786,-30
-125.3080805,49.03981309,-30
-125.2383548,48.99423657,-30
-125.168706,48.94854259,-30
-125.0991109,48.90276706,-30
-125.029555,48.85693187,-30
-124.9600832,48.81096929,-30
-124.8910937,48.764294,-30
-124.822606,48.71687746,-30
-124.7541795,48.66937271,-30
-124.685819,48.62177301,-30
-124.6175152,48.574092,-30
-124.5497542,48.52567843,-30
-124.4844907,48.47391392,-30
-124.4192987,48.42205933,-30
-124.3554907,48.36869196,-30
-124.2983685,48.30806241,-30
-124.2413139,48.24736929,-30
-124.1843391,48.18660119,-30
-124.1306351,48.12296023,-30
-124.0778265,48.0585386,-30
-124.0277189,47.99217764,-30
-123.9837338,47.92143728,-30
-123.9398272,47.85064815,-30
-123.8960128,47.77980197,-30
-123.8616045,47.70405326,-30
-123.828697,47.62752882,-30
-123.7999016,47.54952314,-30
-123.7765546,47.46956186,-30
-123.7532697,47.38958247,-30
-123.7332819,47.30882195,-30
-123.7182872,47.22688265,-30
-123.7033391,47.14493484,-30
-123.6884242,47.06298097,-30
-123.6804237,46.98021005,-30
-123.6758321,46.89703669,-30
-123.6712456,46.81386305,-30
-123.6666642,46.73068913,-30
-123.6636794,46.6474889,-30
-123.6655348,46.56420957,-30
-123.6673881,46.48093019,-30
-123.671168,46.39777458,-30
-123.6799518,46.31493898,-30
-123.6887355,46.23210339,-30
-123.6974637,46.14926193,-30
-123.7061529,46.06641637,-30
-123.7148422,45.98357081,-30
-123.7234535,45.90071711,-30
-123.7320559,45.81786249,-30
-123.740638,45.73500577,-30
-123.7491425,45.65214104,-30
-123.7576469,45.5692763,-30
-123.764215,45.4862569,-30
-123.7689387,45.40309095,-30
-123.7736566,45.31992466,-30
-123.7770903,45.23669774,-30
-123.7802156,45.1534564,-30
-123.7833251,45.07021445,-30
-123.7864135,44.98697173,-30
-123.7894833,44.90372831,-30
-123.7900028,44.82047978,-30
-123.78726,44.73722494,-30
-123.7845161,44.65397015,-30
-123.7817712,44.57071538,-30
-123.7790255,44.48746065,-30
-123.7761873,44.40421064,-30
-123.7704081,44.32111136,-30
-123.7646364,44.23801155,-30
-123.7588718,44.15491125,-30
-123.7531144,44.07181046,-30
-123.7462373,43.98881274,-30
-123.7367364,43.90605633,-30
-123.7272432,43.82329904,-30
-123.7177785,43.74053849,-30
-123.7083183,43.65777743,-30
-123.6988891,43.57501282,-30
-123.6894612,43.49224806,-30
-123.680067,43.40947948,-30
-123.6706727,43.3267109,-30
-123.6620244,43.24386122,-30
-123.6534219,43.1610066,-30
-123.6448336,43.07815052,-30
-123.6362628,42.99529262,-30
-123.6277014,42.91243375,-30
-123.6191571,42.82957312,-30
-123.6127344,42.74653641,-30
-123.6075016,42.66340093,-30
-123.6022652,42.58026568,-30
-123.5970342,42.49713009,-30
-123.5918103,42.41399405,-30
-123.586599,42.33085722,-30
-123.5812795,42.24772726,-30
-123.5759431,42.16459836,-30
-123.5706084,42.08146936,-30
-123.565269,41.99834066,-30
-123.5599461,41.91521091,-30
-123.5462551,41.83339416,-30
-123.5258728,41.75262627,-30
-123.5055305,41.67184831,-30
-123.4783954,41.59335917,-30
-123.4457636,41.51671677,-30
-123.4131937,41.44004808,-30
-123.3749143,41.36614583,-30
-123.3350152,41.29302293,-30
-123.2951723,41.21986946,-30
-123.2613176,41.14386575,-30
-123.2297254,41.06678903,-30
-123.1984359,40.98961107,-30
-123.1795471,40.90848091,-30
-123.1607034,40.82734027,-30
-123.1418875,40.74619315,-30
-123.134038,40.66329067,-30
-123.1266003,40.58032338,-30
-123.132752,40.49768403,-30
-123.1441738,40.4151708,-30
-123.1721974,40.33849039,-30
-123.2148193,40.26692036,-30
-123.2749822,40.20943685,-30
-123.3375609,40.15527207,-30
-123.4138477,40.1218173,-30
-123.4916731,40.0932034,-30
-123.5732361,40.07628095,-30
-123.655821,40.06625788,-30
-123.7387806,40.05873434,-30
-123.8219589,40.05590257,-30
-123.9052584,40.05561543,-30
-123.9866638,40.04015421,-30
-126.1122274,50.90025517,-50
-126.0632335,50.83288688,-50
-126.0143282,50.76545428,-50
-125.9655116,50.69795747,-50
-125.9167857,50.63039504,-50
-125.8681814,50.56274515,-50
-125.8165076,50.4974726,-50
-125.7631663,50.43349138,-50
-125.7099853,50.36937688,-50
-125.6568636,50.3052133,-50
-125.6038374,50.24097065,-50
-125.5509276,50.17663222,-50
-125.4972679,50.11297876,-50
-125.4382321,50.0542109,-50
-125.379281,49.99535808,-50
-125.3204145,49.93642059,-50
-125.2590927,49.88017935,-50
-125.1950069,49.82696377,-50
-125.1309974,49.77365642,-50
-125.0648657,49.72330551,-50
-124.994002,49.67951934,-50
-124.923186,49.63565611,-50
-124.8524239,49.59170605,-50
-124.7817214,49.54766014,-50
-124.7059853,49.51301221,-50
-124.6301733,49.47849519,-50
-124.5543942,49.4439059,-50
-124.4786486,49.40924341,-50
-124.4029413,49.37449724,-50
-124.32418,49.34742707,-50
-124.24532,49.32059455,-50
-124.1664836,49.29369269,-50
-124.0876711,49.2667209,-50
-124.0084866,49.24092122,-50
-123.928577,49.21739798,-50
-123.848689,49.19380141,-50
-123.7688197,49.17014186,-50
-123.6908775,49.14101482,-50
-123.6138554,49.10928967,-50
-123.5368656,49.07748624,-50
-123.4642555,49.0373656,-50
-123.3945232,48.99179928,-50
-123.3251506,48.9457054,-50
-123.2575648,48.89701207,-50
-123.1900401,48.84823397,-50
-123.125718,48.7953205,-50
-123.0616646,48.74206587,-50
-122.997685,48.68872264,-50
-122.9337731,48.63529836,-50
-122.8757315,48.57578538,-50
-122.8200664,48.51381544,-50
-122.7644831,48.45177204,-50
-122.7089928,48.38964537,-50
-122.6535892,48.32744146,-50
-122.6027734,48.26171069,-50
-122.5569763,48.19212973,-50
-122.5112738,48.12248658,-50
-122.4745722,48.04777944,-50
-122.4388674,47.97251954,-50
-122.4073082,47.89582036,-50
-122.3888611,47.81458862,-50
-122.370458,47.73334692,-50
-122.3612124,47.65089702,-50
-122.3579439,47.56766117,-50
-122.3546739,47.48442538,-50
-122.3513982,47.40118981,-50
-122.3501563,47.31804075,-50
-122.360377,47.23537015,-50
-122.381694,47.1556561,-50
-122.4139105,47.0788382,-50
-122.4486048,47.00322655,-50
-122.488929,46.93033727,-50
-122.5268556,46.85648506,-50
-122.5474591,46.77577331,-50
-122.556431,46.69362994,-50
-122.5559369,46.61033141,-50
-122.5554244,46.52703298,-50
-122.5549096,46.44373457,-50
-122.5572457,46.36054297,-50
-122.563998,46.2775171,-50
-122.5707094,46.1944879,-50
-122.5773992,46.11145697,-50
-122.5840529,46.02842313,-50
-122.5906725,45.94538657,-50
-122.5980728,45.86244029,-50
-122.6104845,45.78007015,-50
-122.622843,45.697692,-50
-122.6351559,45.61530704,-50
-122.6474235,45.53291533,-50
-122.6618361,45.45090439,-50
-122.6786335,45.36931558,-50
-122.6953648,45.28771317,-50
-122.7120318,45.2060976,-50
-122.7286517,45.12447242,-50
-122.7470667,45.04324411,-50
-122.7663724,44.96221217,-50
-122.7856211,44.88116665,-50
-122.804794,44.80010315,-50
-122.8239054,44.71902515,-50
-122.8407134,44.63747687,-50
-122.8548655,44.55538786,-50
-122.8689683,44.47329035,-50
-122.8830219,44.3911844,-50
-122.8936114,44.30860077,-50
-122.9022666,44.22575164,-50
-122.9069918,44.14265305,-50
-122.9088522,44.05937383,-50
-122.9096888,43.97613075,-50
-122.9018443,43.89320094,-50
-122.8940121,43.81026997,-50
-122.8861909,43.72733796,-50
-122.8783804,43.64440493,-50
-122.869935,43.56153537,-50
-122.8611828,43.47869644,-50
-122.8524425,43.39585625,-50
-122.8437186,43.31301433,-50
-122.8349986,43.230172,-50
-122.8293656,43.14714013,-50
-122.8278883,43.06385323,-50
-122.8264147,42.98056626,-50
-122.8249197,42.89727968,-50
-122.8234178,42.81399322,-50
-122.8269884,42.73084973,-50
-122.833163,42.64777889,-50
-122.8393032,42.56470551,-50
-122.8454084,42.48162953,-50
-122.8514978,42.39855241,-50
-122.8583483,42.31554455,-50
-122.8673195,42.23272905,-50
-122.8762574,42.14990994,-50
-122.8851496,42.06708593,-50
-122.889662,41.98394092,-50
-122.8929315,41.90070511,-50
-122.8961777,41.81746838,-50
-122.8993988,41.73423068,-50
-122.8990044,41.65103588,-50
-122.8938285,41.56789684,-50
-122.885634,41.48506907,-50
-122.8737158,41.40262609,-50
-122.8618172,41.32018026,-50
-122.8489386,41.23792933,-50
-122.8285215,41.15717023,-50
-122.8081452,41.07640081,-50
-122.7878065,40.99562194,-50
-122.767912,40.91473673,-50
-122.7495619,40.83348302,-50
-122.731252,40.75222025,-50
-122.7129733,40.67095046,-50
-122.6947246,40.58967394,-50
-122.6772303,40.50824049,-50
-122.6616171,40.42641679,-50
-122.6460422,40.3445858,-50
-122.6451061,40.26167429,-50
-122.6524914,40.17911385,-50
-122.6763447,40.09930212,-50
-122.7069346,40.0220946,-50
-122.7428578,39.94693867,-50
-122.7846167,39.87520577,-50
-122.8325677,39.80709125,-50
-122.8832395,39.7410728,-50
-122.9367759,39.67725475,-50
-125.5102945,51.1672561,-70
-125.4586677,51.10188357,-70
-125.4070673,51.03649025,-70
-125.3556232,50.97097391,-70
-125.3042322,50.905416,-70
-125.2529698,50.83975735,-70
-125.2017875,50.77403637,-70
-125.150706,50.7082369,-70
-125.0959553,50.64558379,-70
-125.038717,50.58506382,-70
-124.9816155,50.52441478,-70
-124.9245607,50.46372178,-70
-124.8676253,50.40291679,-70
-124.8107687,50.34203816,-70
-124.7539841,50.28109232,-70
-124.6947073,50.22258771,-70
-124.6350207,50.1644809,-70
-124.575421,50.10628503,-70
-124.5128209,50.0519168,-70
-124.4422341,50.00768569,-70
-124.3716991,49.96337194,-70
-124.2974192,49.92568513,-70
-124.2231047,49.88805205,-70
-124.1488336,49.85033344,-70
-124.0699425,49.82373315,-70
-123.9908354,49.79763803,-70
-123.9117512,49.7714735,-70
-123.8307938,49.75209349,-70
-123.7495036,49.73390561,-70
-123.6682283,49.71565159,-70
-123.5877223,49.69454324,-70
-123.5083127,49.6693838,-70
-123.4289251,49.64415476,-70
-123.3505505,49.61655693,-70
-123.2776673,49.57622177,-70
-123.2048301,49.53580364,-70
-123.1320389,49.49530259,-70
-123.0629103,49.44912588,-70
-122.9960505,49.39944037,-70
-122.9292625,49.34965825,-70
-122.8625475,49.29977842,-70
-122.7958867,49.24982629,-70
-122.7292805,49.19980121,-70
-122.6663032,49.14527962,-70
-122.6034058,49.0906646,-70
-122.5405732,49.03597498,-70
-122.4778089,48.98120701,-70
-122.4151399,48.92633005,-70
-122.353276,48.87055468,-70
-122.2918989,48.81423646,-70
-122.2306212,48.75781013,-70
-122.1694098,48.70131186,-70
-122.1082539,48.6447536,-70
-122.0472129,48.58807119,-70
-121.9863461,48.53120242,-70
-121.925689,48.47410942,-70
-121.870028,48.41214153,-70
-121.8145243,48.35002686,-70
-121.7788965,48.27480657,-70
-121.7437496,48.19928449,-70
-121.7190245,48.11977523,-70
-121.7022353,48.03880254,-70
-121.698642,47.95558008,-70
-121.6994348,47.8725342,-70
-121.7096553,47.78986358,-70
-121.7191832,47.70713901,-70
-121.7216438,47.62387536,-70
-121.7230456,47.54062449,-70
-121.718487,47.45744932,-70
-121.7126015,47.37436526,-70
-121.7292266,47.29390691,-70
-121.7600945,47.21670336,-70
-121.7925038,47.14020593,-70
-121.8077443,47.058312,-70
-121.8173256,46.9759591,-70
-121.8154005,46.89268135,-70
-121.8134673,46.80940379,-70
-121.8076414,46.72634828,-70
-121.8000891,46.64339135,-70
-121.7925393,46.56043419,-70
-121.784997,46.47747634,-70
-121.7792161,46.39442982,-70
-121.7784376,46.31113346,-70
-121.7776475,46.22783721,-70
-121.7768504,46.14454102,-70
-121.776038,46.06124499,-70
-121.7752171,45.97794903,-70
-121.774388,45.89465316,-70
-121.7789589,45.81149344,-70
-121.7839669,45.72834412,-70
-121.7889507,45.64519334,-70
-121.7938959,45.56204026,-70
-121.7988205,45.47888596,-70
-121.8037217,45.39573027,-70
-121.8123015,45.31287901,-70
-121.8211044,45.23004545,-70
-121.8298723,45.14720817,-70
-121.8386051,45.06436719,-70
-121.8472927,44.98152145,-70
-121.8609991,44.89939764,-70
-121.8759851,44.81745676,-70
-121.8909089,44.73550451,-70
-121.9057757,44.65354191,-70
-121.920603,44.57157216,-70
-121.9353806,44.48959343,-70
-121.9465073,44.40704992,-70
-121.9571594,44.32443381,-70
-121.9677738,44.24181285,-70
-121.9783466,44.15918654,-70
-121.9888682,44.07655371,-70
-121.9973276,43.99370103,-70
-122.0044528,43.91070633,-70
-122.0115385,43.82770823,-70
-122.0185913,43.74470734,-70
-122.0256186,43.66170429,-70
-122.0326108,43.57869827,-70
-122.039808,43.49570984,-70
-122.0470566,43.41272582,-70
-122.054274,43.32973909,-70
-122.0614463,43.24674844,-70
-122.0686173,43.16375768,-70
-122.0757208,43.08076111,-70
-122.0828243,42.99776454,-70
-122.0898761,42.91476357,-70
-122.0968973,42.83176,-70
-122.1044066,42.7488038,-70
-122.1134758,42.66599897,-70
-122.1225367,42.58319324,-70
-122.1315381,42.500381,-70
-122.1405388,42.41756871,-70
-122.1494646,42.3347483,-70
-122.1583904,42.25192789,-70
-122.167249,42.16910027,-70
-122.1760995,42.08627178,-70
-122.1827393,42.00324537,-70
-122.1887237,41.92016062,-70
-122.1946817,41.83707397,-70
-122.200613,41.7539854,-70
-122.2065152,41.67089476,-70
-122.2092989,41.58764709,-70
-122.2117576,41.50438338,-70
-122.2141983,41.42111915,-70
-122.2166212,41.33785439,-70
-122.2178853,41.25459037,-70
-122.2153136,41.17133008,-70
-122.2127352,41.08807,-70
-122.2101518,41.00481007,-70
-122.2075633,40.92155029,-70
-122.2049694,40.83829069,-70
-122.19656,40.75542941,-70
-122.1878004,40.67259126,-70
-122.1790521,40.58975192,-70
-122.1703007,40.50691289,-70
-122.161881,40.42403971,-70
-122.1535513,40.34115723,-70
-122.1527816,40.25809861,-70
-122.1572462,40.17491834,-70
-122.1690456,40.09280116,-70
-122.1883285,40.01176375,-70
-122.2075643,39.93071519,-70
-122.2366025,39.85315365,-70
-122.2727883,39.77812382,-70
-122.3089021,39.70305929,-70
-122.3468166,39.62891416,-70
-122.3863517,39.55559389,-70
-122.425808,39.48223117,-70
-124.908686,51.44775442,-90
-124.8534662,51.38538721,-90
-124.7983183,51.32295653,-90
-124.7432477,51.26045761,-90
-124.6883155,51.197837,-90
-124.6334537,51.13515477,-90
-124.5786711,51.07240323,-90
-124.5221719,51.01119536,-90
-124.4656562,50.95000002,-90
-124.4092307,50.88872157,-90
-124.3516866,50.82852608,-90
-124.292387,50.77002443,-90
-124.2331732,50.71143592,-90
-124.1740452,50.65276082,-90
-124.1126211,50.59668648,-90
-124.0471938,50.54512914,-90
-123.9818354,50.49348447,-90
-123.9095048,50.45219086,-90
-123.8371327,50.41094567,-90
-123.7648091,50.36961545,-90
-123.6903672,50.33258205,-90
-123.6135842,50.30028243,-90
-123.5368342,50.26790462,-90
-123.4601172,50.23544862,-90
-123.3818939,50.20686008,-90
-123.3034622,50.17880022,-90
-123.2251583,50.15041977,-90
-123.149502,50.11556276,-90
-123.0738771,50.08063774,-90
-122.9987733,50.04471672,-90
-122.927289,50.00195114,-90
-122.8558496,49.95911087,-90
-122.7861045,49.91368569,-90
-122.7184387,49.86510356,-90
-122.6515901,49.81549682,-90
-122.5895491,49.75991089,-90
-122.5275863,49.7042377,-90
-122.4656974,49.64848241,-90
-122.4066934,49.58976908,-90
-122.3494681,49.52923684,-90
-122.2923202,49.46863148,-90
-122.2352564,49.40794703,-90
-122.1780049,49.34744895,-90
-122.1185435,49.2891117,-90
-122.0591742,49.23068077,-90
-121.9998857,49.1721678,-90
-121.9406723,49.11357888,-90
-121.8790934,49.05751885,-90
-121.8167389,49.00228476,-90
-121.7544555,48.94697057,-90
-121.6922431,48.89157641,-90
-121.6301074,48.83609637,-90
-121.5735407,48.7749813,-90
-121.5174028,48.71343924,-90
-121.4613447,48.65182451,-90
-121.4053726,48.5901317,-90
-121.355647,48.52409427,-90
-121.3174433,48.45007153,-90
-121.2799929,48.37575871,-90
-121.2608343,48.29469184,-90
-121.2494141,48.21218723,-90
-121.2524624,48.12987801,-90
-121.2663167,48.04773821,-90
-121.280114,47.9655888,-90
-121.2924656,47.88321383,-90
-121.3040948,47.80073006,-90
-121.3153306,47.7181913,-90
-121.2959928,47.63743306,-90
-121.2752979,47.5567447,-90
-121.2599602,47.47487153,-90
-121.2549895,47.39326922,-90
-121.2747092,47.31233699,-90
-121.3067323,47.23544435,-90
-121.3360184,47.15767958,-90
-121.3526637,47.07620486,-90
-121.3518079,46.99290926,-90
-121.3380455,46.91094593,-90
-121.3219098,46.82922365,-90
-121.3042658,46.74785879,-90
-121.2820855,46.66756606,-90
-121.2617599,46.58682309,-90
-121.2447777,46.50527253,-90
-121.2278322,46.42371432,-90
-121.2128083,46.34182185,-90
-121.2012768,46.25932388,-90
-121.1897648,46.17682319,-90
-121.1788722,46.09424735,-90
-121.1704011,46.0113792,-90
-121.1619346,45.92851058,-90
-121.1534746,45.8456413,-90
-121.1489413,45.76256163,-90
-121.1485158,45.67926272,-90
-121.1480883,45.59596381,-90
-121.1476309,45.51266507,-90
-121.147161,45.4293664,-90
-121.1481759,45.34608356,-90
-121.1504195,45.26281378,-90
-121.1526374,45.17954331,-90
-121.1548412,45.09627247,-90
-121.1570156,45.01300085,-90
-121.15918,44.92972898,-90
-121.1613111,44.84645625,-90
-121.1634364,44.76318336,-90
-121.1682337,44.6800239,-90
-121.173153,44.59686929,-90
-121.1780501,44.51371336,-90
-121.1829067,44.43055506,-90
-121.1877405,44.34739543,-90
-121.192609,44.26423799,-90
-121.197991,44.18111203,-90
-121.2033519,44.09798472,-90
-121.2086851,44.01485562,-90
-121.2139892,43.93172466,-90
-121.2192782,43.84859274,-90
-121.2245151,43.76545752,-90
-121.2305672,43.6823826,-90
-121.237618,43.59938153,-90
-121.2446688,43.51638047,-90
-121.2517195,43.4333794,-90
-121.2586649,43.35036946,-90
-121.2655912,43.26735792,-90
-121.2725174,43.18434637,-90
-121.2794162,43.10133255,-90
-121.2862297,43.01831167,-90
-121.2930432,42.9352908,-90
-121.2998568,42.85226992,-90
-121.306596,42.769243,-90
-121.3132939,42.68621272,-90
-121.3199918,42.60318243,-90
-121.326752,42.52015776,-90
-121.3350045,42.43726756,-90
-121.3432571,42.35437736,-90
-121.3514504,42.27148129,-90
-121.3596209,42.18858296,-90
-121.3677557,42.10568113,-90
-121.375838,42.02277415,-90
-121.3839138,41.93986655,-90
-121.391923,41.85695248,-90
-121.3999321,41.77403841,-90
-121.4067984,41.69102422,-90
-121.4133268,41.60798044,-90
-121.4198211,41.52493399,-90
-121.4262714,41.44188411,-90
-121.4327147,41.35883368,-90
-121.4390944,41.27577834,-90
-121.4454741,41.192723,-90
-121.4518062,41.10966402,-90
-121.4581236,41.02660392,-90
-121.4639526,40.94351005,-90
-121.4691109,40.86036991,-90
-121.4742384,40.77722787,-90
-121.4793494,40.69408482,-90
-121.4845113,40.610945,-90
-121.4898771,40.527818,-90
-121.4952162,40.44468928,-90
-121.5005255,40.36155865,-90
-121.5057964,40.27842558,-90
-121.5184891,40.1962452,-90
-121.5343253,40.11446435,-90
-121.5501055,40.03267269,-90
-121.566502,39.95100636,-90
-121.5838425,39.86953122,-90
-121.6011239,39.78804355,-90
-121.627394,39.70936112,-90
-121.6594662,39.6324829,-90
-121.6914637,39.55557354,-90
-121.7233868,39.47863327,-90
-121.7617581,39.404791,-90
-121.8018067,39.33174993,-90
-121.8417717,39.25866307,-90
-127.7670662,50.08626777,-15
-127.7126759,50.02317589,-15
-127.6583766,49.96000569,-15
-127.6041717,49.89675445,-15
-127.5481025,49.83525047,-15
-127.4886431,49.77691118,-15
-127.4292668,49.71848738,-15
-127.3699523,49.66000201,-15
-127.3081109,49.604194,-15
-127.2463496,49.54829738,-15
-127.1846666,49.49231447,-15
-127.1230631,49.43624404,-15
-127.0599065,49.38200095,-15
-126.9947041,49.33015952,-15
-126.9295695,49.27823296,-15
-126.8645185,49.22620162,-15
-126.7995371,49.17408341,-15
-126.7322207,49.12511945,-15
-126.6634433,49.07812417,-15
-126.5947257,49.03104155,-15
-126.5260679,48.98387166,-15
-126.4574455,48.93665031,-15
-126.3888356,48.88941078,-15
-126.3202843,48.84208632,-15
-126.2517916,48.79467707,-15
-126.1855892,48.74412252,-15
-126.1195091,48.69340459,-15
-126.0534967,48.64259866,-15
-125.9876271,48.59161179,-15
-125.9239109,48.5379542,-15
-125.8602686,48.48420904,-15
-125.7966973,48.43037987,-15
-125.7331971,48.37646685,-15
-125.6720136,48.32004179,-15
-125.6132118,48.26103986,-15
-125.5544887,48.20195953,-15
-125.4958504,48.14279497,-15
-125.4373024,48.08354107,-15
-125.3850655,48.01882971,-15
-125.3349486,47.95229265,-15
-125.2849214,47.88568811,-15
-125.2349837,47.8190164,-15
-125.1887726,47.74986536,-15
-125.1466465,47.67800247,-15
-125.1046123,47.60608573,-15
-125.0626827,47.53410801,-15
-125.0208349,47.46208268,-15
-124.9831028,47.38805993,-15
-124.9525183,47.3105778,-15
-124.9220091,47.23306604,-15
-124.8915746,47.15552487,-15
-124.8653212,47.07657372,-15
-124.8426343,46.99642265,-15
-124.8200019,46.91625619,-15
-124.7974414,46.83606943,-15
-124.7749357,46.75586729,-15
-124.7568803,46.67467756,-15
-124.7433789,46.59247902,-15
-124.7299214,46.51027327,-15
-124.7165038,46.42806099,-15
-124.7031082,46.34584514,-15
-124.6928256,46.26327647,-15
-124.6874979,46.18014702,-15
-124.6821704,46.09701755,-15
-124.6768504,46.01388761,-15
-124.6715406,45.93075702,-15
-124.6662507,45.84762515,-15
-124.6640231,45.76436862,-15
-124.6625368,45.68108188,-15
-124.6610483,45.59779518,-15
-124.6595565,45.51450854,-15
-124.6580622,45.43122195,-15
-124.6554289,45.34797755,-15
-124.6507548,45.26480878,-15
-124.6460865,45.1816397,-15
-124.6414251,45.09847023,-15
-124.6367705,45.01530037,-15
-124.6321215,44.93213021,-15
-124.6274802,44.8489596,-15
-124.6228434,44.76578876,-15
-124.6167095,44.68271983,-15
-124.6100305,44.59968803,-15
-124.6033686,44.51665485,-15
-124.5967137,44.43362111,-15
-124.5900751,44.35058606,-15
-124.5834439,44.26755042,-15
-124.5768282,44.18451355,-15
-124.5702203,44.10147606,-15
-124.5634566,44.01845119,-15
-124.5566142,43.93543269,-15
-124.5497914,43.85241257,-15
-124.542984,43.76939119,-15
-124.5361785,43.68636966,-15
-124.5279726,43.60349873,-15
-124.5169732,43.52092814,-15
-124.5059849,43.43835607,-15
-124.4950223,43.35578059,-15
-124.483472,43.27329869,-15
-124.4684341,43.19136732,-15
-124.4534418,43.10942757,-15
-124.4384757,43.02748305,-15
-124.4225633,42.94572841,-15
-124.4047792,42.86434896,-15
-124.3870342,42.78296096,-15
-124.3693152,42.70156731,-15
-124.3516461,42.6201628,-15
-124.3339944,42.53875454,-15
-124.3164073,42.45733229,-15
-124.2983505,42.3760151,-15
-124.2795667,42.29486056,-15
-124.2608174,42.21369806,-15
-124.2420982,42.13252859,-15
-124.2234327,42.05134678,-15
-124.2047929,41.97015904,-15
-124.1862126,41.88895768,-15
-124.1676455,41.80775329,-15
-124.1502236,41.72629588,-15
-124.1328838,41.64482059,-15
-124.1200425,41.5626349,-15
-124.1114645,41.47977775,-15
-124.1036461,41.39697183,-15
-124.1237081,41.31612379,-15
-124.1460132,41.23622731,-15
-124.1897414,41.16532782,-15
-124.2365923,41.09667214,-15
-124.2896774,41.03247818,-15
-124.3391514,40.96549894,-15
-124.3776066,40.8923303,-15
-124.3984567,40.81200704,-15
-124.4174698,40.73112873,-15
-124.4465489,40.65306918,-15
-124.4769726,40.57557028,-15
-124.5117504,40.49987748,-15
-124.5464505,40.4241491,-15
-124.5872617,40.35157808,-15
-124.6288751,40.27941705,-15
-127.3219479,50.31814161,-25
-127.2648584,50.25748123,-25
-127.2078588,50.19673642,-25
-127.150949,50.13590744,-25
-127.094129,50.07499457,-25
-127.0354211,50.01593345,-25
-126.9756995,49.95786266,-25
-126.916065,49.89970234,-25
-126.8554091,49.84262093,-25
-126.7941615,49.78616188,-25
-126.7329979,49.72961191,-25
-126.6698086,49.67538981,-25
-126.6054314,49.62252717,-25
-126.541123,49.56958083,-25
-126.4734755,49.52101063,-25
-126.4054846,49.47288444,-25
-126.3375565,49.42466973,-25
-126.2696912,49.37636662,-25
-126.19915,49.33218118,-25
-126.1274742,49.28973753,-25
-126.0558486,49.24720915,-25
-125.9842873,49.2045726,-25
-125.9127693,49.16186368,-25
-125.8413914,49.11892473,-25
-125.7709024,49.07453791,-25
-125.700457,49.03008192,-25
-125.630058,48.9855525,-25
-125.5597358,48.94090204,-25
-125.4894471,48.89619862,-25
-125.4192234,48.85139334,-25
-125.3506205,48.80419316,-25
-125.2829646,48.75559725,-25
-125.2153693,48.70691698,-25
-125.1480845,48.65782146,-25
-125.082689,48.60622379,-25
-125.01736,48.55454191,-25
-124.9529254,48.50177993,-25
-124.8901314,48.44704596,-25
-124.8274208,48.39221655,-25
-124.770161,48.33181432,-25
-124.7140334,48.27026289,-25
-124.6579906,48.20863421,-25
-124.6020325,48.14692859,-25
-124.5536686,48.07931815,-25
-124.5077385,48.00982488,-25
-124.4628341,47.9397178,-25
-124.4238041,47.86612744,-25
-124.3848587,47.79249223,-25
-124.3481277,47.71776328,-25
-124.3134357,47.64203117,-25
-124.2794581,47.56598596,-25
-124.247438,47.48908601,-25
-124.2154909,47.41215571,-25
-124.1859686,47.33427301,-25
-124.1570899,47.25613907,-25
-124.1291763,47.17770977,-25
-124.1099685,47.09665455,-25
-124.090807,47.01558836,-25
-124.0716915,46.93451131,-25
-124.0565099,46.85260942,-25
-124.0414837,46.77067589,-25
-124.0264933,46.68873581,-25
-124.0185847,46.60600877,-25
-124.0152328,46.52277623,-25
-124.0118828,46.43954362,-25
-124.0085347,46.35631094,-25
-124.0065054,46.27309401,-25
-124.0118499,46.18996564,-25
-124.0171681,46.10683558,-25
-124.0224652,46.02370418,-25
-124.0277412,45.94057143,-25
-124.0329729,45.85743588,-25
-124.0364164,45.77421722,-25
-124.0389028,45.69095434,-25
-124.0413663,45.60769077,-25
-124.0438146,45.52442676,-25
-124.046247,45.44116228,-25
-124.0465786,45.35786379,-25
-124.0468346,45.27456418,-25
-124.047082,45.19126455,-25
-124.0473208,45.10796489,-25
-124.0473992,45.02466725,-25
-124.0449464,44.94140337,-25
-124.0424924,44.85813952,-25
-124.0400371,44.77487572,-25
-124.0370248,44.69163484,-25
-124.0326269,44.60845101,-25
-124.0282333,44.52526696,-25
-124.0238444,44.44208267,-25
-124.0194596,44.35889815,-25
-124.0126832,44.27588574,-25
-124.0051121,44.19293053,-25
-123.9975655,44.10997308,-25
-123.990029,44.02701471,-25
-123.9825096,43.94405478,-25
-123.974999,43.86109407,-25
-123.9674992,43.77813238,-25
-123.960006,43.69517008,-25
-123.9520913,43.61224774,-25
-123.9438639,43.52935504,-25
-123.9356425,43.44646174,-25
-123.9274413,43.36356645,-25
-123.91924,43.28067116,-25
-123.9110672,43.19777305,-25
-123.9028982,43.11487458,-25
-123.8947497,43.03197408,-25
-123.886619,42.94907185,-25
-123.8782288,42.86619717,-25
-123.8687603,42.78343705,-25
-123.8593071,42.70067518,-25
-123.8498643,42.61791213,-25
-123.8404474,42.53514611,-25
-123.8310411,42.45237891,-25
-123.82165,42.36960997,-25
-123.8100083,42.28713471,-25
-123.7978541,42.20472618,-25
-123.7857273,42.12231362,-25
-123.7736239,42.03989762,-25
-123.7615355,41.95747941,-25
-123.7494792,41.87505651,-25
-123.7324562,41.79366795,-25
-123.7106382,41.71327601,-25
-123.6884915,41.63299673,-25
-123.6574577,41.55569348,-25
-123.6264945,41.47836195,-25
-123.5872702,41.40489384,-25
-123.5478462,41.33151372,-25
-123.5041339,41.2606402,-25
-123.4596103,41.19023753,-25
-123.4186197,41.11772216,-25
-123.3846801,41.04191349,-25
-123.3579335,40.96316916,-25
-123.3399114,40.88184207,-25
-123.3229843,40.80029971,-25
-123.308969,40.71818723,-25
-123.299316,40.63604792,-25
-123.3133719,40.55402452,-25
-123.3407597,40.4753556,-25
-123.3960806,40.41479448,-25
-123.4588993,40.36128688,-25
-123.5373689,40.33333316,-25
-123.6169786,40.31032815,-25
-123.6997453,40.30091776,-25
-123.7824672,40.29113473,-25
-123.8650927,40.28055522,-25
-123.9474958,40.26877935,-25
-124.0283195,40.24861918,-25
-124.1081164,40.22579878,-25
-124.1813309,40.18606809,-25
-124.2545055,40.14626387,-25
-126.7798439,50.57636269,-35
-126.7236987,50.51482729,-35
-126.6676169,50.45323413,-35
-126.6116157,50.39156766,-35
-126.5557414,50.32978626,-35
-126.4999308,50.26794725,-35
-126.4442163,50.20602157,-35
-126.3871012,50.14539399,-35
-126.329651,50.0850752,-35
-126.2722896,50.0246719,-35
-126.215017,49.96418439,-35
-126.1549596,49.90650749,-35
-126.0940266,49.8497091,-35
-126.0331679,49.79283118,-35
-125.9682735,49.74062912,-35
-125.9031722,49.68866071,-35
-125.8381431,49.63660209,-35
-125.7722599,49.58569637,-35
-125.7036976,49.53838769,-35
-125.635202,49.49098269,-35
-125.5667742,49.44347978,-35
-125.4984018,49.39589723,-35
-125.4270797,49.35301522,-35
-125.3544989,49.31213838,-35
-125.2819917,49.27113109,-35
-125.2094988,49.23009862,-35
-125.1370933,49.18891195,-35
-125.0647009,49.1477024,-35
-124.9923885,49.1063527,-35
-124.9194851,49.06610684,-35
-124.8449785,49.02885559,-35
-124.7705197,48.99150888,-35
-124.6961037,48.95407708,-35
-124.6217258,48.91656947,-35
-124.5464493,48.88097223,-35
-124.4701598,48.84752387,-35
-124.3939046,48.81399727,-35
-124.3176838,48.7803924,-35
-124.2419071,48.74584842,-35
-124.1676789,48.70804535,-35
-124.0934923,48.67016087,-35
-124.0193473,48.632195,-35
-123.9476013,48.59035038,-35
-123.8806172,48.54083252,-35
-123.8136932,48.49123343,-35
-123.7495887,48.43858532,-35
-123.6952028,48.37548962,-35
-123.6409011,48.31232151,-35
-123.5866834,48.2490813,-35
-123.5458447,48.17675035,-35
-123.5070963,48.10301126,-35
-123.4684368,48.02922558,-35
-123.4313608,47.95480578,-35
-123.4092414,47.87449624,-35
-123.3871869,47.79416886,-35
-123.3651808,47.71382822,-35
-123.3540855,47.63132161,-35
-123.3437759,47.54866206,-35
-123.3334877,47.46599984,-35
-123.3273985,47.38293873,-35
-123.3219456,47.2998174,-35
-123.3186833,47.21667279,-35
-123.3223826,47.13345497,-35
-123.3260608,47.05023622,-35
-123.3297178,46.96701653,-35
-123.3358302,46.88396357,-35
-123.3434395,46.80101185,-35
-123.3510145,46.71805698,-35
-123.3585503,46.63509855,-35
-123.3660581,46.55213758,-35
-123.3741008,46.46924106,-35
-123.3863383,46.38684486,-35
-123.3985708,46.30444793,-35
-123.4107228,46.22203908,-35
-123.4228749,46.13963023,-35
-123.4349342,46.05720776,-35
-123.4469933,45.97478528,-35
-123.458958,45.89234901,-35
-123.4709165,45.80991186,-35
-123.4793888,45.72705398,-35
-123.4873691,45.64413713,-35
-123.4953261,45.56121804,-35
-123.503249,45.47829568,-35
-123.5111216,45.39536852,-35
-123.5171255,45.31230121,-35
-123.521699,45.22912686,-35
-123.5262513,45.14595134,-35
-123.5307747,45.06277425,-35
-123.5352775,44.97959604,-35
-123.5380651,44.89636691,-35
-123.5384912,44.813068,-35
-123.5389055,44.72976903,-35
-123.5393081,44.64647,-35
-123.5397012,44.56317093,-35
-123.5408814,44.4798884,-35
-123.5439673,44.39664558,-35
-123.5470359,44.31340212,-35
-123.5479403,44.23019833,-35
-123.5417694,44.14712722,-35
-123.5356062,44.06405553,-35
-123.5294507,43.98098327,-35
-123.5223221,43.89798915,-35
-123.5151539,43.81499815,-35
-123.5079959,43.73200626,-35
-123.4991167,43.64919808,-35
-123.4886112,43.56656319,-35
-123.4781248,43.48392589,-35
-123.4676571,43.4012862,-35
-123.4572416,43.31864018,-35
-123.4480596,43.23584779,-35
-123.4388907,43.15305393,-35
-123.4297346,43.07025867,-35
-123.4205957,42.98746151,-35
-123.4114733,42.90466252,-35
-123.404155,42.82171933,-35
-123.4000182,42.73852212,-35
-123.3958828,42.65532483,-35
-123.3917488,42.57212747,-35
-123.3899689,42.48887366,-35
-123.3901064,42.40557378,-35
-123.3902341,42.32227388,-35
-123.3903521,42.23897396,-35
-123.3904584,42.15567403,-35
-123.3876959,42.07243001,-35
-123.3843619,41.98919676,-35
-123.3810215,41.90596376,-35
-123.3773841,41.82274384,-35
-123.3712847,41.73982651,-35
-123.3527506,41.65861458,-35
-123.3342524,41.57739446,-35
-123.3030588,41.50015764,-35
-123.2719005,41.42290449,-35
-123.236597,41.34749314,-35
-123.2002102,41.27256057,-35
-123.16441,41.19737686,-35
-123.1358753,41.11911663,-35
-123.1081064,41.0406046,-35
-123.0848303,40.96062264,-35
-123.0615988,40.88062772,-35
-123.0444353,40.79929477,-35
-123.0319059,40.71694246,-35
-123.0201817,40.63447569,-35
-123.0092974,40.55188984,-35
-123.0020943,40.46905009,-35
-123.001598,40.38575157,-35
-123.0137519,40.30336147,-35
-123.0435907,40.22653161,-35
-123.084681,40.15427469,-35
-123.1315821,40.08543307,-35
-123.1830729,40.02033927,-35
-123.2410402,39.96051721,-35
-123.2994065,39.90113627,-35
-123.363882,39.84839354,-35
-126.3151213,50.80140614,-45
-126.2608896,50.73817786,-45
-126.2067053,50.67490907,-45
-126.1526364,50.61154152,-45
-126.0986624,50.54809327,-45
-126.0447557,50.48458767,-45
-125.9909914,50.42096155,-45
-125.9370536,50.35748468,-45
-125.8822516,50.29475008,-45
-125.8275428,50.23193427,-45
-125.7729246,50.16903956,-45
-125.7180121,50.10640851,-45
-125.6617603,50.04497055,-45
-125.6056132,49.98343692,-45
-125.5495536,49.92182352,-45
-125.493582,49.86013023,-45
-125.4334684,49.80293014,-45
-125.3675119,49.75205159,-45
-125.3016283,49.70107866,-45
-125.2333327,49.6535546,-45
-125.1629086,49.60906493,-45
-125.0925388,49.56448934,-45
-125.0221287,49.51999345,-45
-124.9479205,49.48215125,-45
-124.8737522,49.44423082,-45
-124.7996241,49.40623204,-45
-124.7255353,49.36815658,-45
-124.6508754,49.33135176,-45
-124.5733367,49.30091093,-45
-124.4958275,49.27039522,-45
-124.41835,49.23979904,-45
-124.3409024,49.20912725,-45
-124.2618853,49.18293037,-45
-124.1822647,49.15844656,-45
-124.1026671,49.13388832,-45
-124.0234296,49.10828711,-45
-123.9457495,49.07820919,-45
-123.8681005,49.04805093,-45
-123.7904783,49.0178237,-45
-123.7137321,48.98549496,-45
-123.6376538,48.95156866,-45
-123.5616093,48.91756686,-45
-123.4918504,48.87234045,-45
-123.4231724,48.82520004,-45
-123.354552,48.77797586,-45
-123.2859916,48.73066464,-45
-123.2215827,48.67828113,-45
-123.1617335,48.62034181,-45
-123.101962,48.56232243,-45
-123.042268,48.50422325,-45
-122.9881452,48.44091317,-45
-122.9342552,48.37739343,-45
-122.8804416,48.31380895,-45
-122.8355514,48.2439853,-45
-122.7943998,48.17155989,-45
-122.7533431,48.09908072,-45
-122.7137586,48.02581612,-45
-122.676534,47.95129619,-45
-122.639391,47.87673559,-45
-122.6078083,47.80018169,-45
-122.5893175,47.71895988,-45
-122.5708697,47.63772832,-45
-122.5551557,47.55614098,-45
-122.5524032,47.47288647,-45
-122.5496478,47.38963205,-45
-122.5669383,47.30899095,-45
-122.5908799,47.22920566,-45
-122.616262,47.14990079,-45
-122.6448336,47.07165405,-45
-122.6733204,46.99337641,-45
-122.7017096,46.91506331,-45
-122.7212321,46.83423659,-45
-122.7366172,46.75242336,-45
-122.7462959,46.66968756,-45
-122.7559609,46.58695017,-45
-122.7656791,46.504219,-45
-122.7753736,46.42148505,-45
-122.7850174,46.33874518,-45
-122.7946314,46.25600184,-45
-122.8042115,46.17325457,-45
-122.8137412,46.09050147,-45
-122.8232396,46.00774478,-45
-122.8350948,45.92530303,-45
-122.8476296,45.84295155,-45
-122.8601166,45.7605928,-45
-122.8725411,45.67822458,-45
-122.8849236,45.59585006,-45
-122.8983166,45.51365086,-45
-122.9143502,45.43190849,-45
-122.9303277,45.35015515,-45
-122.9462663,45.26839422,-45
-122.962146,45.18662183,-45
-122.9779528,45.10483532,-45
-122.9937277,45.02304264,-45
-123.0094728,44.94124421,-45
-123.0251525,44.85943324,-45
-123.0407895,44.7776141,-45
-123.05638,44.69578605,-45
-123.0718994,44.61394453,-45
-123.0844053,44.5316444,-45
-123.0939095,44.44888837,-45
-123.1033771,44.36612815,-45
-123.1128083,44.28336377,-45
-123.1150322,44.20015979,-45
-123.1157165,44.1168626,-45
-123.1163888,44.03356531,-45
-123.1128325,43.95045354,-45
-123.1048649,43.86753546,-45
-123.0969087,43.78461629,-45
-123.0889664,43.70169578,-45
-123.0810358,43.61877417,-45
-123.0730363,43.53585918,-45
-123.0649859,43.4529491,-45
-123.0569538,43.37003725,-45
-123.0489296,43.28712464,-45
-123.0409157,43.20421102,-45
-123.0329172,43.12129592,-45
-123.0262884,43.03828802,-45
-123.0230364,42.95505153,-45
-123.0197828,42.87181509,-45
-123.0165276,42.78857872,-45
-123.0134318,42.70534298,-45
-123.0172669,42.62213131,-45
-123.0210828,42.53891876,-45
-123.0248801,42.45570535,-45
-123.0286589,42.37249111,-45
-123.032413,42.28927574,-45
-123.0396047,42.20630881,-45
-123.0478326,42.12341616,-45
-123.0560296,42.04052045,-45
-123.0641941,41.95762153,-45
-123.0723172,41.87471854,-45
-123.0728647,41.79142706,-45
-123.0731999,41.70813046,-45
-123.0613205,41.62568187,-45
-123.0477891,41.5435828,-45
-123.025366,41.46335754,-45
-123.0029878,41.38311971,-45
-122.9799588,41.30306776,-45
-122.9566312,41.22310082,-45
-122.9333523,41.14311969,-45
-122.9111573,41.06284305,-45
-122.8906737,40.9821008,-45
-122.8702354,40.90134707,-45
-122.849836,40.82058349,-45
-122.8294711,40.7398112,-45
-122.8091361,40.65903139,-45
-122.7888369,40.5782426,-45
-122.7685888,40.49744097,-45
-122.7536138,40.41551355,-45
-122.7417755,40.33324798,-45
-122.7416328,40.2499481,-45
-122.7655713,40.17079111,-45
-122.7934805,40.09230566,-45
-122.8382571,40.02234041,-45
-122.884794,39.95325202,-45
-122.9332986,39.8857236,-45
-122.9896801,39.82440464,-45
-123.0459897,39.76301964,-45
-123.1022275,39.70156884,-45
-125.9449925,50.96535481,-55
-125.8931426,50.90015909,-55
-125.8413057,50.8349531,-55
-125.7896436,50.76960848,-55
-125.738009,50.70424222,-55
-125.6865416,50.63874418,-55
-125.6351136,50.57321518,-55
-125.5838287,50.50757414,-55
-125.5320209,50.44235321,-55
-125.4789698,50.37813126,-55
-125.4260202,50.31382545,-55
-125.3731689,50.24943894,-55
-125.3204061,50.18497985,-55
-125.2644137,50.12354911,-55
-125.2035666,50.06665871,-55
-125.142801,50.00968124,-55
-125.082117,49.95261693,-55
-125.0198045,49.89748429,-55
-124.9534521,49.84712312,-55
-124.8871643,49.79667691,-55
-124.8190762,49.74903135,-55
-124.7458053,49.70940484,-55
-124.6725796,49.66969479,-55
-124.5994056,49.62988955,-55
-124.5262768,49.59000144,-55
-124.4497269,49.55753134,-55
-124.3719341,49.52774596,-55
-124.2941705,49.49788451,-55
-124.2164361,49.46794701,-55
-124.1360856,49.4461993,-55
-124.0554053,49.42547316,-55
-123.9747446,49.40467082,-55
-123.894199,49.38345872,-55
-123.814693,49.35860562,-55
-123.7352117,49.33367356,-55
-123.6575241,49.3037659,-55
-123.5804536,49.27215847,-55
-123.5034111,49.24048286,-55
-123.4311251,49.19943214,-55
-123.3601113,49.15588992,-55
-123.2891456,49.11226927,-55
-123.2215134,49.06364697,-55
-123.1540043,49.01484719,-55
-123.0865466,48.96597649,-55
-123.0243226,48.91063073,-55
-122.9624572,48.85484936,-55
-122.90066,48.79899251,-55
-122.838931,48.74306021,-55
-122.777299,48.68702109,-55
-122.7172186,48.62933964,-55
-122.6578032,48.57095564,-55
-122.5984752,48.51248271,-55
-122.5392342,48.45392171,-55
-122.4800564,48.39529695,-55
-122.4209558,48.33659424,-55
-122.3724578,48.26902519,-55
-122.3252078,48.20042247,-55
-122.2853715,48.12727559,-55
-122.2457543,48.05399965,-55
-122.2166968,47.97610096,-55
-122.1897715,47.89727255,-55
-122.1742201,47.81591336,-55
-122.1652169,47.73310132,-55
-122.1562309,47.65028742,-55
-122.146559,47.56755304,-55
-122.1363572,47.48488011,-55
-122.1261886,47.40220309,-55
-122.1439285,47.32099304,-55
-122.1637612,47.2401364,-55
-122.1899896,47.16107339,-55
-122.223785,47.08567557,-55
-122.2694427,47.01600308,-55
-122.3162492,46.9471085,-55
-122.3638703,46.87876297,-55
-122.379923,46.79816743,-55
-122.3815103,46.71525857,-55
-122.3763933,46.63211588,-55
-122.3705167,46.54902546,-55
-122.3642393,46.46596232,-55
-122.3579691,46.38289865,-55
-122.3546559,46.29974543,-55
-122.3558686,46.21645426,-55
-122.3570624,46.13316281,-55
-122.3582406,46.04987115,-55
-122.3594051,45.96657929,-55
-122.361847,45.88338666,-55
-122.3734784,45.80090272,-55
-122.385061,45.71841191,-55
-122.3966023,45.63591531,-55
-122.4081023,45.55341296,-55
-122.4195588,45.47090454,-55
-122.4384306,45.3897864,-55
-122.4575667,45.30871422,-55
-122.4766371,45.22762655,-55
-122.4956562,45.14652683,-55
-122.5151987,45.06555249,-55
-122.5349823,44.98463588,-55
-122.5546683,44.90369546,-55
-122.5743316,44.82274954,-55
-122.5938836,44.74177665,-55
-122.6134209,44.66080022,-55
-122.6328472,44.57979708,-55
-122.6511,44.49856087,-55
-122.6640872,44.41627952,-55
-122.6770308,44.33399128,-55
-122.6865532,44.25136151,-55
-122.6900518,44.16813502,-55
-122.6935213,44.0849073,-55
-122.6969693,44.00167869,-55
-122.6955,43.91850924,-55
-122.6900553,43.83538737,-55
-122.6846235,43.75226466,-55
-122.6791835,43.66914248,-55
-122.6737474,43.58602005,-55
-122.6690612,43.5028551,-55
-122.665068,43.41965087,-55
-122.6610748,43.33644664,-55
-122.6570815,43.25324241,-55
-122.6530879,43.17003819,-55
-122.649094,43.08683399,-55
-122.6450997,43.00362981,-55
-122.6411048,42.92042566,-55
-122.6417029,42.83725724,-55
-122.6469916,42.7541253,-55
-122.6522464,42.67099121,-55
-122.6574889,42.58785634,-55
-122.662691,42.50471894,-55
-122.6678783,42.42158061,-55
-122.6730377,42.33844054,-55
-122.6814144,42.25559928,-55
-122.6916408,42.17292939,-55
-122.7018356,42.09025559,-55
-122.7119818,42.00757583,-55
-122.7201627,41.92468857,-55
-122.7274764,41.84171026,-55
-122.7347702,41.75873021,-55
-122.7360119,41.67559064,-55
-122.7330664,41.59234273,-55
-122.7301114,41.50909517,-55
-122.7271529,41.42584772,-55
-122.7186812,41.34303076,-55
-122.7086944,41.26033158,-55
-122.6987222,41.17763065,-55
-122.6873229,41.09513264,-55
-122.6738599,41.0129278,-55
-122.660425,40.93071834,-55
-122.6470114,40.84850542,-55
-122.6336128,40.76629005,-55
-122.6201244,40.68409462,-55
-122.5984623,40.60366052,-55
-122.5768366,40.52321664,-55
-122.5552505,40.44276211,-55
-122.5361227,40.36186205,-55
-122.5282711,40.27893291,-55
-122.5226974,40.19614491,-55
-122.5407674,40.11482845,-55
-122.558793,40.03350216,-55
-122.5926422,39.95844859,-55
-122.6351597,39.88681656,-55
-122.6776044,39.81514132,-55
-122.7268075,39.74804208,-55
-122.7775041,39.68194557,-55
-122.8281231,39.61578969,-55
-125.6584781,51.10114785,-65
-125.6062326,51.03626879,-65
-125.5540598,50.97133123,-65
-125.5019616,50.90633378,-65
-125.4500088,50.84122005,-65
-125.3981289,50.77604831,-65
-125.3463238,50.71081702,-65
-125.2929069,50.64689934,-65
-125.2395651,50.58291853,-65
-125.1863172,50.51885964,-65
-125.1320646,50.455667,-65
-125.0766421,50.39347991,-65
-125.021311,50.33121147,-65
-124.9660713,50.26886202,-65
-124.9060944,50.21118962,-65
-124.8445228,50.15508411,-65
-124.783031,50.09889121,-65
-124.7216189,50.04261114,-65
-124.6531134,49.995288,-65
-124.5843177,49.94831947,-65
-124.5155832,49.90126157,-65
-124.4467301,49.8544157,-65
-124.3725739,49.8164716,-65
-124.2984587,49.77844752,-65
-124.2243846,49.74034351,-65
-124.1454059,49.71454656,-65
-124.0654465,49.69119284,-65
-123.9847431,49.6708732,-65
-123.9030733,49.65447416,-65
-123.8214699,49.63775287,-65
-123.7399983,49.62039551,-65
-123.6585421,49.60296652,-65
-123.5786265,49.58031446,-65
-123.5007832,49.55066131,-65
-123.4229747,49.52091697,-65
-123.3481621,49.48475903,-65
-123.2754723,49.44407641,-65
-123.2028299,49.40330903,-65
-123.1325983,49.35861083,-65
-123.0633785,49.31226959,-65
-122.9942114,49.26584975,-65
-122.92627,49.21780145,-65
-122.8627505,49.16391115,-65
-122.7993051,49.10993364,-65
-122.7359378,49.05586449,-65
-122.6726434,49.00171005,-65
-122.6104926,48.94627286,-65
-122.5494925,48.8895466,-65
-122.4886003,48.83270444,-65
-122.4277547,48.77581245,-65
-122.3670051,48.71881797,-65
-122.3063313,48.66174276,-65
-122.2457066,48.60461545,-65
-122.1827188,48.55010638,-65
-122.1197683,48.49555254,-65
-122.0568897,48.44091578,-65
-121.9940801,48.38619975,-65
-121.9433145,48.3203241,-65
-121.89362,48.25347094,-65
-121.866917,48.1751536,-65
-121.8434985,48.0952132,-65
-121.829174,48.01355516,-65
-121.8218203,47.93058039,-65
-121.8231014,47.84734506,-65
-121.8254242,47.76407745,-65
-121.8296163,47.68088602,-65
-121.8340506,47.59770412,-65
-121.827854,47.51491628,-65
-121.8172835,47.43228969,-65
-121.8322249,47.35043358,-65
-121.8615099,47.27282105,-65
-121.8981169,47.1980823,-65
-121.9376015,47.1247348,-65
-121.964714,47.04730565,-65
-121.9764804,46.96484086,-65
-121.9840658,46.88196704,-65
-121.9884686,46.79878347,-65
-121.9918173,46.7155929,-65
-121.9883689,46.6323643,-65
-121.9849191,46.54913577,-65
-121.981467,46.46590733,-65
-121.9780126,46.38267899,-65
-121.974557,46.29945069,-65
-121.9710982,46.21622253,-65
-121.9677625,46.13298977,-65
-121.9649934,46.04973581,-65
-121.9622204,45.96648198,-65
-121.959443,45.88322829,-65
-121.9583397,45.80001789,-65
-121.9653963,45.71701732,-65
-121.9724077,45.63401292,-65
-121.9793928,45.55100631,-65
-121.9863555,45.46799782,-65
-121.9932747,45.38498568,-65
-122.0030133,45.30230042,-65
-122.0152517,45.21990435,-65
-122.027446,45.13750175,-65
-122.0395822,45.05509057,-65
-122.051674,44.97267286,-65
-122.0663598,44.89072033,-65
-122.0836158,44.80922727,-65
-122.1008128,44.72772174,-65
-122.1179512,44.64620386,-65
-122.1322539,44.56417653,-65
-122.1445143,44.48178375,-65
-122.1567292,44.39938419,-65
-122.1688986,44.31697791,-65
-122.1765733,44.23403562,-65
-122.1841015,44.15107651,-65
-122.1916004,44.06811473,-65
-122.1990543,43.9851489,-65
-122.2064852,43.902181,-65
-122.2138825,43.81921011,-65
-122.219937,43.73613331,-65
-122.2256373,43.65302858,-65
-122.2313201,43.56992265,-65
-122.23695,43.48681312,-65
-122.2425798,43.40370358,-65
-122.2481606,43.32059074,-65
-122.2537208,43.23747652,-65
-122.2592699,43.15436156,-65
-122.2647613,43.07124276,-65
-122.2702527,42.98812396,-65
-122.277207,42.90512279,-65
-122.2850663,42.82219438,-65
-122.2929222,42.73926565,-65
-122.3006971,42.65632928,-65
-122.3084721,42.57339292,-65
-122.3162085,42.49045296,-65
-122.3239001,42.40750883,-65
-122.3315918,42.32456471,-65
-122.3392106,42.24161386,-65
-122.34682,42.15866215,-65
-122.3532669,42.07563039,-65
-122.3570984,41.99241855,-65
-122.3609299,41.90920672,-65
-122.364712,41.82599262,-65
-122.368493,41.74277847,-65
-122.372237,41.65956266,-65
-122.3759606,41.57634593,-65
-122.3796707,41.49312859,-65
-122.3833514,41.40990995,-65
-122.3870321,41.32669131,-65
-122.3832793,41.24348228,-65
-122.3793906,41.1602731,-65
-122.3754872,41.07706461,-65
-122.3663277,40.99430704,-65
-122.3560065,40.91164893,-65
-122.3457017,40.82898878,-65
-122.3354119,40.74632676,-65
-122.3251315,40.66366357,-65
-122.3148696,40.58099808,-65
-122.3052851,40.49825345,-65
-122.2962253,40.41544759,-65
-122.2872,40.33263799,-65
-122.2783172,40.24981296,-65
-122.2830484,40.1674358,-65
-122.2973259,40.0853685,-65
-122.3239221,40.00666997,-65
-122.3533488,39.92874077,-65
-122.3859887,39.85218264,-65
-122.4217619,39.7769552,-65
-122.4574671,39.70169548,-65
-122.4965809,39.62822189,-65
-122.538034,39.5559687,-65
-122.5794254,39.48368008,-65
-125.3532195,51.23440113,-75
-125.3016276,51.1690011,-75
-125.2500571,51.10358421,-75
-125.1986509,51.03803815,-75
-125.1472878,50.97245829,-75
-125.0960663,50.90676776,-75
-125.0449101,50.84102641,-75
-124.9938725,50.77519294,-75
-124.9403457,50.71145673,-75
-124.8841233,50.64999186,-75
-124.8280087,50.58842869,-75
-124.7719536,50.52681114,-75
-124.7160338,50.4650709,-75
-124.6601456,50.40330202,-75
-124.6044204,50.34138601,-75
-124.5473,50.28094219,-75
-124.4825135,50.22858187,-75
-124.4177988,50.17613298,-75
-124.3531557,50.12359573,-75
-124.2847368,50.07654438,-75
-124.2126542,50.0347953,-75
-124.1390087,49.99651592,-75
-124.0600596,49.96994683,-75
-123.981133,49.94331066,-75
-123.9021111,49.91698443,-75
-123.8220864,49.89385591,-75
-123.742084,49.87065022,-75
-123.6621014,49.84737631,-75
-123.5821387,49.8240341,-75
-123.502626,49.79927075,-75
-123.4238333,49.77224123,-75
-123.3450664,49.74513653,-75
-123.2684396,49.71326392,-75
-123.1959166,49.67228478,-75
-123.1234412,49.63122127,-75
-123.0526857,49.58749084,-75
-122.9854937,49.53825545,-75
-122.9183651,49.48893377,-75
-122.8512998,49.4395259,-75
-122.7843026,49.39002567,-75
-122.7221811,49.33456758,-75
-122.6604542,49.27863305,-75
-122.5987939,49.22262499,-75
-122.5372389,49.16650129,-75
-122.4757407,49.11031545,-75
-122.4143107,49.05405492,-75
-122.3521121,48.99864665,-75
-122.2898902,48.94326321,-75
-122.2277354,48.88780446,-75
-122.1656448,48.83227389,-75
-122.1036505,48.7766358,-75
-122.0389528,48.72422252,-75
-121.9734116,48.67281011,-75
-121.9079286,48.62132357,-75
-121.8476312,48.56391479,-75
-121.7893497,48.504524,-75
-121.7371134,48.43963746,-75
-121.6849692,48.37467697,-75
-121.6455575,48.30171235,-75
-121.6096982,48.22652593,-75
-121.5891285,48.14619517,-75
-121.5771846,48.06435045,-75
-121.5851961,47.9814366,-75
-121.5931655,47.8985187,-75
-121.6010629,47.81559391,-75
-121.6089162,47.73266493,-75
-121.6164331,47.64974548,-75
-121.6016384,47.56776982,-75
-121.5867834,47.48580516,-75
-121.5834507,47.40377768,-75
-121.6051956,47.32439603,-75
-121.6429873,47.25038654,-75
-121.6683722,47.17104869,-75
-121.6863453,47.09001021,-75
-121.6966382,47.00758789,-75
-121.6779456,46.92641231,-75
-121.6611531,46.84487805,-75
-121.6490667,46.76245956,-75
-121.6374153,46.6799974,-75
-121.6332728,46.59680047,-75
-121.6291301,46.51360355,-75
-121.6249864,46.43040667,-75
-121.6208452,46.34720968,-75
-121.6167097,46.2640124,-75
-121.6125696,46.18081534,-75
-121.6084232,46.09761861,-75
-121.6077368,46.01438324,-75
-121.6100246,45.93111466,-75
-121.6122944,45.84784559,-75
-121.6145394,45.76457585,-75
-121.6167714,45.68130576,-75
-121.6189739,45.59803488,-75
-121.6211685,45.5147638,-75
-121.623329,45.43149182,-75
-121.6260436,45.34825898,-75
-121.6356105,45.26551018,-75
-121.6451774,45.18276138,-75
-121.6546735,45.10000443,-75
-121.6641363,45.01724366,-75
-121.6735736,44.93447999,-75
-121.6829476,44.85170911,-75
-121.6923216,44.76893823,-75
-121.7016109,44.68615781,-75
-121.7108901,44.60337625,-75
-121.7205487,44.52063899,-75
-121.7305886,44.43794625,-75
-121.7405731,44.35524679,-75
-121.7505369,44.27254485,-75
-121.7604376,44.18983532,-75
-121.7703118,44.10712263,-75
-121.7801438,44.0244049,-75
-121.7894621,43.9416285,-75
-121.798538,43.85882441,-75
-121.8075653,43.77601501,-75
-121.8165636,43.69320245,-75
-121.825518,43.61038513,-75
-121.8344395,43.52756426,-75
-121.8433215,43.44473916,-75
-121.8521671,43.36191014,-75
-121.8602748,43.27900944,-75
-121.8675387,43.19602676,-75
-121.8747844,43.11304248,-75
-121.8819768,43.03005357,-75
-121.8891661,42.94706439,-75
-121.8962877,42.86406937,-75
-121.9034092,42.78107435,-75
-121.9104726,42.69807436,-75
-121.9175241,42.61507336,-75
-121.9245923,42.53207379,-75
-121.9316708,42.44907508,-75
-121.9387092,42.36607297,-75
-121.945732,42.28306953,-75
-121.9527148,42.20006272,-75
-121.9596637,42.11705307,-75
-121.9665846,42.03404108,-75
-121.9746388,41.95113268,-75
-121.9828306,41.86823645,-75
-121.9909964,41.78533766,-75
-121.9973838,41.70230129,-75
-122.002057,41.61913247,-75
-122.0066984,41.53596188,-75
-122.0113164,41.45278999,-75
-122.0159144,41.36961699,-75
-122.0204866,41.28644256,-75
-122.0219459,41.20316679,-75
-122.0227844,41.11987101,-75
-122.0236104,41.03657511,-75
-122.0244172,40.95327901,-75
-122.0252105,40.86998279,-75
-122.0244633,40.78672188,-75
-122.0198372,40.70355043,-75
-122.0152102,40.62037904,-75
-122.010302,40.53722569,-75
-122.0042538,40.45414556,-75
-121.9982078,40.37106526,-75
-121.994438,40.28803325,-75
-122.0040035,40.20528428,-75
-122.0135312,40.12253096,-75
-122.0325862,40.04157471,-75
-122.0538076,39.96102323,-75
-122.0795578,39.88201129,-75
-122.111714,39.80516813,-75
-122.1437836,39.72828883,-75
-122.1775504,39.65214833,-75
-122.2118823,39.57625228,-75
-122.2483363,39.50141131,-75
-122.2879712,39.42814491,-75
-125.0584767,51.37398254,-85
-125.0040024,51.31096316,-85
-124.9495902,51.24789028,-85
-124.8952681,51.18473968,-85
-124.84107,51.12148265,-85
-124.7869343,51.0581722,-85
-124.732915,50.99476238,-85
-124.6772479,50.93281578,-85
-124.6207033,50.87164718,-85
-124.5642576,50.81038734,-85
-124.5079173,50.74903048,-85
-124.4516529,50.68760414,-85
-124.3954364,50.6261358,-85
-124.334827,50.56899212,-85
-124.2743007,50.51176051,-85
-124.2138569,50.45444179,-85
-124.1534957,50.3970362,-85
-124.0856961,50.34893966,-85
-124.0164374,50.30265658,-85
-123.9452562,50.25959374,-85
-123.8717426,50.22041916,-85
-123.7949472,50.18837457,-85
-123.7174078,50.15793542,-85
-123.6384726,50.13141341,-85
-123.5591824,50.10587997,-85
-123.4798693,50.08042134,-85
-123.4002103,50.056063,-85
-123.320572,50.0316369,-85
-123.2409561,50.00713797,-85
-123.165575,49.97208169,-85
-123.0911392,49.93468906,-85
-123.0167427,49.8972184,-85
-122.9476939,49.85098134,-85
-122.8803768,49.80191706,-85
-122.8131181,49.75277291,-85
-122.7459289,49.70353366,-85
-122.6788115,49.65419656,-85
-122.6163299,49.59945089,-85
-122.557379,49.54059779,-85
-122.4985136,49.48165931,-85
-122.4415353,49.42089613,-85
-122.3847034,49.35999435,-85
-122.3279532,49.29901651,-85
-122.2697025,49.2395281,-85
-122.2092297,49.18224,-85
-122.148833,49.12487164,-85
-122.0885223,49.0674129,-85
-122.0282934,49.00986841,-85
-121.9652446,48.95549172,-85
-121.9011547,48.90228111,-85
-121.8371279,48.84899448,-85
-121.7731734,48.79562121,-85
-121.7092983,48.74215286,-85
-121.6473616,48.68649058,-85
-121.5864902,48.6296261,-85
-121.5256903,48.57268525,-85
-121.4785369,48.50489343,-85
-121.4368402,48.43278049,-85
-121.3952315,48.36061672,-85
-121.3716351,48.28073035,-85
-121.3543518,48.20010394,-85
-121.3590628,48.11693726,-85
-121.371621,48.03472202,-85
-121.3868977,47.95283483,-85
-121.4022515,47.87096214,-85
-121.4176436,47.78909657,-85
-121.4175883,47.70669412,-85
-121.4052493,47.62460746,-85
-121.375575,47.54677221,-85
-121.3534007,47.46713525,-85
-121.3445552,47.38430623,-85
-121.3760553,47.30835396,-85
-121.4140184,47.2342733,-85
-121.4516851,47.16064804,-85
-121.4648987,47.07840272,-85
-121.4643208,46.99573472,-85
-121.4529412,46.91345064,-85
-121.4299528,46.83338553,-85
-121.4070169,46.75330537,-85
-121.3841331,46.67321028,-85
-121.362579,46.59281322,-85
-121.3489005,46.51064395,-85
-121.3352499,46.42847004,-85
-121.3242516,46.34592455,-85
-121.3148139,46.26316091,-85
-121.3053911,46.18039557,-85
-121.2994027,46.09735091,-85
-121.2953297,46.01415054,-85
-121.291255,45.93095026,-85
-121.2871786,45.84775006,-85
-121.2831004,45.76454995,-85
-121.2872769,45.68135619,-85
-121.2914831,45.59816246,-85
-121.2956884,45.51496868,-85
-121.2998159,45.431771,-85
-121.3039434,45.34857332,-85
-121.3080687,45.26537553,-85
-121.3121185,45.18217404,-85
-121.3161683,45.09897254,-85
-121.3202148,45.01577088,-85
-121.3241879,44.93256569,-85
-121.328161,44.84936049,-85
-121.3323911,44.7661743,-85
-121.3407032,44.68329006,-85
-121.3490153,44.60040581,-85
-121.3573275,44.51752156,-85
-121.3656396,44.43463731,-85
-121.3738545,44.35174341,-85
-121.3820011,44.26884274,-85
-121.3901478,44.18594206,-85
-121.3982945,44.10304139,-85
-121.4064223,44.02013888,-85
-121.4144071,43.93722246,-85
-121.4223919,43.85430604,-85
-121.4303768,43.77138962,-85
-121.4383616,43.6884732,-85
-121.4462442,43.60554704,-85
-121.4540707,43.52261553,-85
-121.4618972,43.43968402,-85
-121.4697238,43.35675251,-85
-121.4772977,43.27379937,-85
-121.4836802,43.19074424,-85
-121.4900627,43.10768912,-85
-121.4964451,43.02463399,-85
-121.5027889,42.94157592,-85
-121.5090535,42.85851182,-85
-121.5153181,42.77544772,-85
-121.5215827,42.69238362,-85
-121.5277915,42.60931535,-85
-121.5339404,42.5262426,-85
-121.5400892,42.44316985,-85
-121.546238,42.3600971,-85
-121.5523145,42.27701904,-85
-121.5583496,42.19393795,-85
-121.5643846,42.11085686,-85
-121.5704197,42.02777577,-85
-121.5777765,41.9448041,-85
-121.585486,41.86186162,-85
-121.5931456,41.77891454,-85
-121.6007868,41.69596574,-85
-121.6083825,41.61301278,-85
-121.6159559,41.53005777,-85
-121.6234883,41.44709903,-85
-121.6309947,41.36413793,-85
-121.6365514,41.28104217,-85
-121.6405215,41.19783683,-85
-121.6444559,41.1146298,-85
-121.6483753,41.03142206,-85
-121.6522708,40.9482132,-85
-121.6561383,40.86500303,-85
-121.6599631,40.78179092,-85
-121.6636106,40.69857082,-85
-121.6672409,40.61534996,-85
-121.6708501,40.53212819,-85
-121.6744313,40.44890521,-85
-121.6780015,40.36568175,-85
-121.6815349,40.28245672,-85
-121.6889413,40.19968819,-85
-121.7048462,40.11792069,-85
-121.7210072,40.03620925,-85
-121.7400627,39.9551181,-85
-121.7594072,39.87411305,-85
-121.7865179,39.79534822,-85
-121.8135629,39.71656082,-85
-121.8405426,39.63775101,-85
-121.8757542,39.5623094,-85
-121.9116803,39.48715489,-85
-121.9509351,39.41376268,-85
-121.9928054,39.3417504,-85
-122.0345945,39.26969099,-85
-124.7482856,51.51720352,-95
-124.6927967,51.45507562,-95
-124.6373335,51.39292488,-95
-124.5820259,51.33063563,-95
-124.5267682,51.26830208,-95
-124.4716351,51.20585827,-95
-124.4165776,51.14334784,-95
-124.3616185,51.0807509,-95
-124.3040372,51.0206334,-95
-124.244649,50.96222167,-95
-124.1853422,50.9037273,-95
-124.1261124,50.84515501,-95
-124.0669897,50.78647452,-95
-124.0031208,50.73308696,-95
-123.9384396,50.68059665,-95
-123.8738197,50.62803096,-95
-123.8026689,50.58486573,-95
-123.7309037,50.54257336,-95
-123.6585954,50.50136395,-95
-123.5820975,50.4683948,-95
-123.5056417,50.43532828,-95
-123.4292175,50.40218881,-95
-123.3528247,50.36897699,-95
-123.2763241,50.33601818,-95
-123.199509,50.30379517,-95
-123.1227285,50.27148969,-95
-123.0459787,50.23911122,-95
-122.97196,50.20108799,-95
-122.898977,50.16093373,-95
-122.8260406,50.12069476,-95
-122.753151,50.08037112,-95
-122.6885382,50.02817996,-95
-122.6255791,49.97363599,-95
-122.5626955,49.91900507,-95
-122.4998895,49.86428491,-95
-122.4382452,49.80828149,-95
-122.3776341,49.75113969,-95
-122.3171051,49.69391094,-95
-122.2566564,49.63659748,-95
-122.1969436,49.57853933,-95
-122.1390942,49.51860324,-95
-122.0813271,49.45858788,-95
-122.0236545,49.39848158,-95
-121.966064,49.33829666,-95
-121.9066674,49.27991358,-95
-121.846684,49.22211322,-95
-121.7867797,49.16423092,-95
-121.7269544,49.10626693,-95
-121.6672406,49.04818812,-95
-121.6075993,48.99003476,-95
-121.5480412,48.93179628,-95
-121.4893802,48.87272122,-95
-121.4359798,48.80878939,-95
-121.3826767,48.74477632,-95
-121.3294515,48.68069857,-95
-121.2839579,48.61135042,-95
-121.2438374,48.53834884,-95
-121.2053741,48.46467837,-95
-121.1846927,48.38398656,-95
-121.1640649,48.30328101,-95
-121.162105,48.22038518,-95
-121.1634915,48.13709672,-95
-121.1663491,48.05387923,-95
-121.1728872,47.97083621,-95
-121.1793954,47.88779084,-95
-121.1851923,47.80473142,-95
-121.1816196,47.72150807,-95
-121.1768733,47.63837612,-95
-121.1675172,47.55560321,-95
-121.1623911,47.47252368,-95
-121.1611256,47.38938678,-95
-121.177759,47.30776435,-95
-121.1995389,47.22741547,-95
-121.2225339,47.14736573,-95
-121.2385252,47.06561509,-95
-121.2396566,46.9828496,-95
-121.2280517,46.90061469,-95
-121.2105043,46.81918385,-95
-121.1906958,46.73828529,-95
-121.1701049,46.65757032,-95
-121.1495542,46.57684513,-95
-121.1290587,46.4961059,-95
-121.1106882,46.41488386,-95
-121.0943358,46.3332047,-95
-121.0780267,46.25151685,-95
-121.0617462,46.1698233,-95
-121.0471652,46.08787628,-95
-121.0389508,46.00498229,-95
-121.0307464,45.92208731,-95
-121.022553,45.83919124,-95
-121.0143695,45.7562942,-95
-121.0100918,45.67312556,-95
-121.0067236,45.58989368,-95
-121.0033473,45.50666213,-95
-120.99997,45.42343063,-95
-120.9965839,45.34019948,-95
-120.993197,45.25696836,-95
-120.9898018,45.17373758,-95
-120.9872403,45.09049842,-95
-120.9889616,45.0072162,-95
-120.9906829,44.92393399,-95
-120.9923763,44.84065121,-95
-120.9940461,44.75736795,-95
-120.9957159,44.67408468,-95
-120.9973387,44.59080049,-95
-120.9989575,44.50751622,-95
-121.0005612,44.42423167,-95
-121.0021295,44.34094643,-95
-121.0036978,44.25766119,-95
-121.0074282,44.17445806,-95
-121.0121802,44.09129371,-95
-121.0169322,44.00812937,-95
-121.0216493,43.92496305,-95
-121.0263096,43.84179351,-95
-121.0309699,43.75862397,-95
-121.0356227,43.67545402,-95
-121.0401926,43.59227947,-95
-121.0447625,43.50910492,-95
-121.0493324,43.42593037,-95
-121.0538323,43.34275201,-95
-121.0583131,43.25957261,-95
-121.0627939,43.17639321,-95
-121.0688242,43.09332704,-95
-121.0764828,43.01037985,-95
-121.0841413,42.92743266,-95
-121.0917568,42.84448152,-95
-121.099308,42.76152448,-95
-121.1068592,42.67856745,-95
-121.114377,42.5956074,-95
-121.1218224,42.5126408,-95
-121.1292678,42.42967421,-95
-121.1366893,42.34670548,-95
-121.1440304,42.26372959,-95
-121.1513715,42.1807537,-95
-121.1588388,42.09778965,-95
-121.1670588,42.01489622,-95
-121.1752741,41.93200232,-95
-121.1834206,41.84910162,-95
-121.1915671,41.76620093,-95
-121.1996417,41.68329321,-95
-121.2077153,41.60038539,-95
-121.2157234,41.51747121,-95
-121.2237249,41.4345564,-95
-121.2316895,41.35163804,-95
-121.2396465,41.26871895,-95
-121.2475585,41.18579555,-95
-121.2554392,41.10286917,-95
-121.2632933,41.01994028,-95
-121.2710984,40.93700675,-95
-121.2788951,40.85407244,-95
-121.2866254,40.7711319,-95
-121.2943557,40.68819136,-95
-121.3046051,40.60553007,-95
-121.3152106,40.52290796,-95
-121.3257683,40.44027973,-95
-121.3362854,40.35764632,-95
-121.346778,40.27500979,-95
-121.3572087,40.19236543,-95
-121.369529,40.11001413,-95
-121.3845879,40.0280866,-95
-121.3988984,39.94602725,-95
-121.4126824,39.86387562,-95
-121.4350817,39.78367603,-95
-121.4579952,39.70358945,-95
-121.481828,39.62383289,-95
-121.5145418,39.54722548,-95
-121.5471847,39.47058783,-95
-121.5811771,39.39456478,-95
-121.6174297,39.31956718,-95
-121.6536045,39.24453202,-95
-121.6897017,39.16945953,-95
